TermID	Term	Enrichment	logP	Genes in Term	Target Genes in Term	Fraction of Targets in Term	Total Target Genes	Total Genes	Entrez Gene IDs	Gene Symbols
SM01206	Fibrillarin	0.00185979971387961	-6.2872864777649	1	1	0.0769230769230769	13	6990	406275	fbl
SM00928	NADH_4Fe-4S	0.00185979971387961	-6.2872864777649	1	1	0.0769230769230769	13	6990	445291	ndufv1
SM00498	FH2	0.00556982443011258	-5.19039174616584	3	1	0.0769230769230769	13	6990	777608	fhdc3
SM01407	NAC	0.00556982443011258	-5.19039174616584	3	1	0.0769230769230769	13	6990	195823	naca
SM00331	PP2C_SIG	0.00742005947828659	-4.90356820589339	4	1	0.0769230769230769	13	6990	492506	pptc7a
SM00432	MADS	0.0129517155085875	-4.34652702790459	7	1	0.0769230769230769	13	6990	798771	mef2cb
SM00351	PAX	0.020282995335442	-3.89797241217928	11	1	0.0769230769230769	13	6990	60639	pax6b
SM00425	TBOX	0.0347949924649802	-3.35828179724002	19	1	0.0769230769230769	13	6990	192294	tbx6
SM00332	PP2Cc	0.0365949731126533	-3.30784439465655	20	1	0.0769230769230769	13	6990	492506	pptc7a
SM00320	WD40	0.0457528926193469	-3.08450026260694	187	2	0.153846153846154	13	6990	557730,564032	tulp4a,dph7
SM00456	WW	0.0473299497469354	-3.05061199682378	26	1	0.0769230769230769	13	6990	563267	arhgap12a
SM00324	RhoGAP	0.0544251414418576	-2.91092907302507	30	1	0.0769230769230769	13	6990	563267	arhgap12a
SM00406	IGv	0.107781348963634	-2.22765065065574	61	1	0.0769230769230769	13	6990	566069	scn4ba
SM00233	PH	0.213741259596237	-1.54298906277916	128	1	0.0769230769230769	13	6990	563267	arhgap12a
SM00326	SH3	0.247349361970992	-1.39695352077004	151	1	0.0769230769230769	13	6990	563267	arhgap12a
SM00389	HOX	0.389332089730917	-0.943322598451464	260	1	0.0769230769230769	13	6990	60639	pax6b
SM00409	IG	0.401033801774053	-0.913709561527203	270	1	0.0769230769230769	13	6990	566069	scn4ba
SM00220	S_TKc	0.410245761808511	-0.890998879818471	278	1	0.0769230769230769	13	6990	445208	camk2d1
SM00369	LRR_TYP	0.999999999976227	-2.37733687615068e-11	95	0	0	13	6990
SM00228	PDZ	0.999999999978749	-2.12506526964086e-11	100	0	0	13	6990
SM00252	SH2	0.999999999979299	-2.07008643327381e-11	75	0	0	13	6990
SM01391	Filament	0.999999999980009	-1.99905456348596e-11	44	0	0	13	6990
SM00408	IGc2	0.999999999980444	-1.95558530395182e-11	151	0	0	13	6990
SM00401	ZnF_GATA	0.99999999998059	-1.94105078329171e-11	11	0	0	13	6990
SM00262	GEL	0.99999999998059	-1.94105078329171e-11	11	0	0	13	6990
SM00207	TNF	0.99999999998059	-1.94105078329171e-11	11	0	0	13	6990
SM00284	OLF	0.99999999998059	-1.94105078329171e-11	11	0	0	13	6990
SM00302	GED	0.99999999998059	-1.94105078329171e-11	11	0	0	13	6990
SM00078	IlGF	0.99999999998059	-1.94105078329171e-11	11	0	0	13	6990
SM00524	DWB	0.99999999998059	-1.94105078329171e-11	11	0	0	13	6990
SM00159	PTX	0.99999999998059	-1.94105078329171e-11	11	0	0	13	6990
SM00631	Zn_pept	0.99999999998059	-1.94105078329171e-11	11	0	0	13	6990
SM00165	UBA	0.999999999981796	-1.82035118939439e-11	25	0	0	13	6990
SM00072	GuKc	0.999999999981796	-1.82035118939439e-11	25	0	0	13	6990
SM00214	VWC	0.999999999981796	-1.82035118939439e-11	25	0	0	13	6990
SM00121	IB	0.999999999981796	-1.82035118939439e-11	25	0	0	13	6990
SM00135	LY	0.999999999981972	-1.80277216757731e-11	7	0	0	13	6990
SM01195	FA	0.999999999981972	-1.80277216757731e-11	7	0	0	13	6990
SM00729	Elp3	0.999999999981972	-1.80277216757731e-11	7	0	0	13	6990
SM00920	MHC_II_alpha	0.999999999981972	-1.80277216757731e-11	7	0	0	13	6990
SM01100	CRAL_TRIO_N	0.999999999981972	-1.80277216757731e-11	7	0	0	13	6990
SM00949	PAZ	0.999999999981972	-1.80277216757731e-11	7	0	0	13	6990
SM00149	PLCYc	0.999999999981972	-1.80277216757731e-11	7	0	0	13	6990
SM01242	Integrin_B_tail	0.999999999981972	-1.80277216757731e-11	7	0	0	13	6990
SM00099	btg1	0.999999999981972	-1.80277216757731e-11	7	0	0	13	6990
SM00479	EXOIII	0.999999999981972	-1.80277216757731e-11	7	0	0	13	6990
SM00215	VWC_out	0.999999999981972	-1.80277216757731e-11	7	0	0	13	6990
SM00506	A1pp	0.999999999981972	-1.80277216757731e-11	7	0	0	13	6990
SM00018	PD	0.999999999981972	-1.80277216757731e-11	7	0	0	13	6990
SM00004	NL	0.999999999981972	-1.80277216757731e-11	7	0	0	13	6990
SM00515	eIF5C	0.999999999981972	-1.80277216757731e-11	7	0	0	13	6990
SM00907	GDNF	0.999999999981972	-1.80277216757731e-11	7	0	0	13	6990
SM00458	RICIN	0.999999999981972	-1.80277216757731e-11	7	0	0	13	6990
SM00591	RWD	0.999999999981972	-1.80277216757731e-11	7	0	0	13	6990
SM00678	WWE	0.999999999981972	-1.80277216757731e-11	7	0	0	13	6990
SM00201	SO	0.999999999981972	-1.80277216757731e-11	7	0	0	13	6990
SM00070	GLUCA	0.999999999981972	-1.80277216757731e-11	7	0	0	13	6990
SM00636	Glyco_18	0.999999999981972	-1.80277216757731e-11	7	0	0	13	6990
SM00809	Alpha_adaptinC2	0.999999999981972	-1.80277216757731e-11	7	0	0	13	6990
SM00330	PIPKc	0.999999999981972	-1.80277216757731e-11	7	0	0	13	6990
SM00727	STI1	0.999999999981972	-1.80277216757731e-11	7	0	0	13	6990
SM00316	S1	0.999999999981972	-1.80277216757731e-11	7	0	0	13	6990
SM00509	TFS2N	0.999999999981972	-1.80277216757731e-11	7	0	0	13	6990
SM00468	PreSET	0.99999999998228	-1.7719917575693e-11	8	0	0	13	6990
SM00036	CNH	0.99999999998228	-1.7719917575693e-11	8	0	0	13	6990
SM01289	PYRIN	0.99999999998228	-1.7719917575693e-11	8	0	0	13	6990
SM00668	CTLH	0.99999999998228	-1.7719917575693e-11	8	0	0	13	6990
SM00745	MIT	0.99999999998228	-1.7719917575693e-11	8	0	0	13	6990
SM00964	STAT_int	0.99999999998228	-1.7719917575693e-11	8	0	0	13	6990
SM00477	NUC	0.99999999998228	-1.7719917575693e-11	8	0	0	13	6990
SM00414	H2A	0.99999999998228	-1.7719917575693e-11	8	0	0	13	6990
SM00051	DSL	0.99999999998228	-1.7719917575693e-11	8	0	0	13	6990
SM01372	E2F_TDP	0.99999999998228	-1.7719917575693e-11	8	0	0	13	6990
SM00259	ZnF_A20	0.99999999998228	-1.7719917575693e-11	8	0	0	13	6990
SM00308	LH2	0.99999999998228	-1.7719917575693e-11	8	0	0	13	6990
SM00726	UIM	0.99999999998228	-1.7719917575693e-11	8	0	0	13	6990
SM01243	IRF-3	0.99999999998228	-1.7719917575693e-11	8	0	0	13	6990
SM00182	CULLIN	0.99999999998228	-1.7719917575693e-11	8	0	0	13	6990
SM00350	MCM	0.99999999998228	-1.7719917575693e-11	8	0	0	13	6990
SM00229	RasGEFN	0.99999999998228	-1.7719917575693e-11	8	0	0	13	6990
SM01388	Mob1_phocein	0.99999999998228	-1.7719917575693e-11	8	0	0	13	6990
SM00187	INB	0.99999999998228	-1.7719917575693e-11	8	0	0	13	6990
SM00386	HAT	0.99999999998228	-1.7719917575693e-11	8	0	0	13	6990
SM00849	Lactamase_B	0.99999999998228	-1.7719917575693e-11	8	0	0	13	6990
SM00892	Endonuclease_NS	0.99999999998228	-1.7719917575693e-11	8	0	0	13	6990
SM00593	RUN	0.99999999998228	-1.7719917575693e-11	8	0	0	13	6990
SM00146	PI3Kc	0.99999999998228	-1.7719917575693e-11	8	0	0	13	6990
SM00027	EH	0.99999999998228	-1.7719917575693e-11	8	0	0	13	6990
SM00757	CRA	0.99999999998272	-1.72797602544375e-11	5	0	0	13	6990
SM00257	LysM	0.99999999998272	-1.72797602544375e-11	5	0	0	13	6990
SM00288	VHS	0.99999999998272	-1.72797602544375e-11	5	0	0	13	6990
SM01375	Dynein_light	0.99999999998272	-1.72797602544375e-11	5	0	0	13	6990
SM00384	AT_hook	0.99999999998272	-1.72797602544375e-11	5	0	0	13	6990
SM00050	DISIN	0.99999999998272	-1.72797602544375e-11	5	0	0	13	6990
SM00706	TECPR	0.99999999998272	-1.72797602544375e-11	5	0	0	13	6990
SM00160	RanBD	0.99999999998272	-1.72797602544375e-11	5	0	0	13	6990
SM00145	PI3Ka	0.99999999998272	-1.72797602544375e-11	5	0	0	13	6990
SM00714	LITAF	0.99999999998272	-1.72797602544375e-11	5	0	0	13	6990
SM00665	B561	0.99999999998272	-1.72797602544375e-11	5	0	0	13	6990
SM00648	SWAP	0.99999999998272	-1.72797602544375e-11	5	0	0	13	6990
SM00739	KOW	0.99999999998272	-1.72797602544375e-11	5	0	0	13	6990
SM00390	GoLoco	0.99999999998272	-1.72797602544375e-11	5	0	0	13	6990
SM00517	PolyA	0.99999999998272	-1.72797602544375e-11	5	0	0	13	6990
SM01265	Mab-21	0.99999999998272	-1.72797602544375e-11	5	0	0	13	6990
SM00715	LA	0.99999999998272	-1.72797602544375e-11	5	0	0	13	6990
SM00968	SMC_hinge	0.99999999998272	-1.72797602544375e-11	5	0	0	13	6990
SM00303	GPS	0.99999999998272	-1.72797602544375e-11	5	0	0	13	6990
SM00878	Biotin_carb_C	0.99999999998272	-1.72797602544375e-11	5	0	0	13	6990
SM00046	DAGKc	0.99999999998272	-1.72797602544375e-11	5	0	0	13	6990
SM00879	Brix	0.99999999998272	-1.72797602544375e-11	5	0	0	13	6990
SM01062	Ca_chan_IQ	0.99999999998272	-1.72797602544375e-11	5	0	0	13	6990
SM00305	HintC	0.99999999998272	-1.72797602544375e-11	5	0	0	13	6990
SM00861	Transket_pyr	0.99999999998272	-1.72797602544375e-11	5	0	0	13	6990
SM00735	ZM	0.99999999998272	-1.72797602544375e-11	5	0	0	13	6990
SM00306	HintN	0.99999999998272	-1.72797602544375e-11	5	0	0	13	6990
SM01192	Enolase_C	0.99999999998272	-1.72797602544375e-11	5	0	0	13	6990
SM00301	DM	0.99999999998272	-1.72797602544375e-11	5	0	0	13	6990
SM00582	RPR	0.99999999998272	-1.72797602544375e-11	5	0	0	13	6990
SM00472	MIR	0.99999999998272	-1.72797602544375e-11	5	0	0	13	6990
SM00446	LRRcap	0.99999999998272	-1.72797602544375e-11	5	0	0	13	6990
SM00310	PTBI	0.99999999998272	-1.72797602544375e-11	5	0	0	13	6990
SM01270	Longin	0.99999999998272	-1.72797602544375e-11	5	0	0	13	6990
SM00238	BIR	0.99999999998272	-1.72797602544375e-11	5	0	0	13	6990
SM01193	Enolase_N	0.99999999998272	-1.72797602544375e-11	5	0	0	13	6990
SM00673	CARP	0.99999999998272	-1.72797602544375e-11	5	0	0	13	6990
SM00638	LPD_N	0.99999999998272	-1.72797602544375e-11	5	0	0	13	6990
SM00044	CYCc	0.999999999983051	-1.69491614559437e-11	13	0	0	13	6990
SM01330	Frizzled	0.999999999983051	-1.69491614559437e-11	13	0	0	13	6990
SM00516	SEC14	0.999999999983051	-1.69491614559437e-11	13	0	0	13	6990
SM00208	TNFR	0.999999999983051	-1.69491614559437e-11	13	0	0	13	6990
SM00211	TY	0.999999999983051	-1.69491614559437e-11	13	0	0	13	6990
SM00443	G_patch	0.999999999983051	-1.69491614559437e-11	13	0	0	13	6990
SM00005	DEATH	0.999999999983051	-1.69491614559437e-11	13	0	0	13	6990
SM00563	PlsC	0.999999999983051	-1.69491614559437e-11	13	0	0	13	6990
SM00450	RHOD	0.999999999983051	-1.69491614559437e-11	13	0	0	13	6990
SM00132	LIM	0.999999999983378	-1.66218065050706e-11	76	0	0	13	6990
SM00997	AdoHcyase_NAD	0.999999999983598	-1.64020426069187e-11	4	0	0	13	6990
SM01334	DUF3454	0.999999999983598	-1.64020426069187e-11	4	0	0	13	6990
SM00167	VPS9	0.999999999983598	-1.64020426069187e-11	4	0	0	13	6990
SM00491	HELICc2	0.999999999983598	-1.64020426069187e-11	4	0	0	13	6990
SM00183	NAT_PEP	0.999999999983598	-1.64020426069187e-11	4	0	0	13	6990
SM00065	GAF	0.999999999983598	-1.64020426069187e-11	4	0	0	13	6990
SM01170	DUF1944	0.999999999983598	-1.64020426069187e-11	4	0	0	13	6990
SM00068	GHB	0.999999999983598	-1.64020426069187e-11	4	0	0	13	6990
SM01169	DUF1943	0.999999999983598	-1.64020426069187e-11	4	0	0	13	6990
SM01338	NOD	0.999999999983598	-1.64020426069187e-11	4	0	0	13	6990
SM01313	Sec3-PIP2_bind	0.999999999983598	-1.64020426069187e-11	4	0	0	13	6990
SM01109	CUT	0.999999999983598	-1.64020426069187e-11	4	0	0	13	6990
SM00520	BASIC	0.999999999983598	-1.64020426069187e-11	4	0	0	13	6990
SM00527	HMG17	0.999999999983598	-1.64020426069187e-11	4	0	0	13	6990
SM00552	ADEAMc	0.999999999983598	-1.64020426069187e-11	4	0	0	13	6990
SM01328	zf-3CxxC	0.999999999983598	-1.64020426069187e-11	4	0	0	13	6990
SM00608	ACR	0.999999999983598	-1.64020426069187e-11	4	0	0	13	6990
SM00277	GRAN	0.999999999983598	-1.64020426069187e-11	4	0	0	13	6990
SM01007	Aldolase_II	0.999999999983598	-1.64020426069187e-11	4	0	0	13	6990
SM01163	DUF1785	0.999999999983598	-1.64020426069187e-11	4	0	0	13	6990
SM00300	ChSh	0.999999999983598	-1.64020426069187e-11	4	0	0	13	6990
SM01339	NODP	0.999999999983598	-1.64020426069187e-11	4	0	0	13	6990
SM00098	alkPPc	0.999999999983598	-1.64020426069187e-11	4	0	0	13	6990
SM00746	TRASH	0.999999999983598	-1.64020426069187e-11	4	0	0	13	6990
SM00417	H4	0.999999999983598	-1.64020426069187e-11	4	0	0	13	6990
SM00765	MANEC	0.999999999983598	-1.64020426069187e-11	4	0	0	13	6990
SM00198	SCP	0.999999999983598	-1.64020426069187e-11	4	0	0	13	6990
SM00142	PI3K_C2	0.999999999983598	-1.64020426069187e-11	4	0	0	13	6990
SM00476	DNaseIc	0.999999999983598	-1.64020426069187e-11	4	0	0	13	6990
SM00508	PostSET	0.999999999983598	-1.64020426069187e-11	4	0	0	13	6990
SM00439	BAH	0.999999999983598	-1.64020426069187e-11	4	0	0	13	6990
SM00707	RPEL	0.999999999983598	-1.64020426069187e-11	4	0	0	13	6990
SM00264	BAG	0.999999999983598	-1.64020426069187e-11	4	0	0	13	6990
SM00588	NEUZ	0.999999999983598	-1.64020426069187e-11	4	0	0	13	6990
SM01199	FDF	0.999999999983598	-1.64020426069187e-11	4	0	0	13	6990
SM00996	AdoHcyase	0.999999999983598	-1.64020426069187e-11	4	0	0	13	6990
SM01182	EF-1_beta_acid	0.999999999983598	-1.64020426069187e-11	4	0	0	13	6990
SM01072	CDC48_2	0.999999999983598	-1.64020426069187e-11	4	0	0	13	6990
SM00557	IG_FLMN	0.999999999983598	-1.64020426069187e-11	4	0	0	13	6990
SM00266	CAD	0.999999999983598	-1.64020426069187e-11	4	0	0	13	6990
SM00114	CARD	0.999999999983598	-1.64020426069187e-11	4	0	0	13	6990
SM00258	SAND	0.999999999983598	-1.64020426069187e-11	4	0	0	13	6990
SM01230	Gln-synt_C	0.999999999983598	-1.64020426069187e-11	4	0	0	13	6990
SM01041	BRO1	0.999999999983598	-1.64020426069187e-11	4	0	0	13	6990
SM00679	CTNS	0.999999999983598	-1.64020426069187e-11	4	0	0	13	6990
SM00359	PUA	0.999999999983598	-1.64020426069187e-11	4	0	0	13	6990
SM00483	POLXc	0.999999999983598	-1.64020426069187e-11	4	0	0	13	6990
SM01277	MAGUK_N_PEST	0.999999999983598	-1.64020426069187e-11	4	0	0	13	6990
SM00750	KIND	0.999999999983598	-1.64020426069187e-11	4	0	0	13	6990
SM01279	Matrilin_ccoil	0.999999999983598	-1.64020426069187e-11	4	0	0	13	6990
SM00281	LamB	0.999999999983598	-1.64020426069187e-11	4	0	0	13	6990
SM01153	DUF1693	0.999999999983598	-1.64020426069187e-11	4	0	0	13	6990
SM00710	PbH1	0.999999999983598	-1.64020426069187e-11	4	0	0	13	6990
SM00488	DEXDc2	0.999999999983598	-1.64020426069187e-11	4	0	0	13	6990
SM00742	Hr1	0.999999999983598	-1.64020426069187e-11	4	0	0	13	6990
SM00217	WAP	0.999999999983598	-1.64020426069187e-11	4	0	0	13	6990
SM00494	ChtBD2	0.999999999983598	-1.64020426069187e-11	4	0	0	13	6990
SM01271	LSM14	0.999999999983598	-1.64020426069187e-11	4	0	0	13	6990
SM00671	SEL1	0.999999999983598	-1.64020426069187e-11	4	0	0	13	6990
SM00087	PTH	0.999999999983598	-1.64020426069187e-11	4	0	0	13	6990
SM01055	Cadherin_pro	0.999999999983598	-1.64020426069187e-11	4	0	0	13	6990
SM00554	FAS1	0.999999999983598	-1.64020426069187e-11	4	0	0	13	6990
SM00307	ILWEQ	0.999999999983598	-1.64020426069187e-11	4	0	0	13	6990
SM00991	WHEP-TRS	0.999999999983598	-1.64020426069187e-11	4	0	0	13	6990
SM01073	CDC48_N	0.999999999983598	-1.64020426069187e-11	4	0	0	13	6990
SM01027	Beta-Casp	0.999999999983598	-1.64020426069187e-11	4	0	0	13	6990
SM00222	Sec7	0.999999999983598	-1.64020426069187e-11	4	0	0	13	6990
SM00572	DZF	0.999999999983598	-1.64020426069187e-11	4	0	0	13	6990
SM00042	CUB	0.999999999983621	-1.63792393659268e-11	27	0	0	13	6990
SM00199	SCY	0.999999999983621	-1.63792393659268e-11	27	0	0	13	6990
SM00325	RhoGEF	0.999999999983621	-1.63792393659268e-11	27	0	0	13	6990
SM00589	PRY	0.999999999984073	-1.59267650209735e-11	46	0	0	13	6990
SM00547	ZnF_RBZ	0.99999999998432	-1.56796199821078e-11	15	0	0	13	6990
SM00358	DSRM	0.99999999998432	-1.56796199821078e-11	15	0	0	13	6990
SM00069	GLA	0.99999999998432	-1.56796199821078e-11	15	0	0	13	6990
SM00255	TIR	0.99999999998432	-1.56796199821078e-11	15	0	0	13	6990
SM00049	DEP	0.99999999998432	-1.56796199821078e-11	15	0	0	13	6990
SM00137	MAM	0.99999999998432	-1.56796199821078e-11	15	0	0	13	6990
SM00088	PINT	0.99999999998432	-1.56796199821078e-11	15	0	0	13	6990
SM00237	Calx_beta	0.99999999998432	-1.56796199821078e-11	15	0	0	13	6990
SM00724	TLC	0.99999999998432	-1.56796199821078e-11	15	0	0	13	6990
SM00692	DM3	0.99999999998432	-1.56796199821078e-11	15	0	0	13	6990
SM00147	RasGEF	0.99999999998432	-1.56796199821078e-11	15	0	0	13	6990
SM00367	LRR_CC	0.99999999998432	-1.56796199821078e-11	15	0	0	13	6990
SM00256	FBOX	0.999999999985625	-1.4375396969949e-11	36	0	0	13	6990
SM00407	IGc1	0.999999999985625	-1.4375396969949e-11	36	0	0	13	6990
SM01280	Mcm10	0.999999999986663	-1.33368294706615e-11	1	0	0	13	6990
SM00883	Cpn10	0.999999999986663	-1.33368294706615e-11	1	0	0	13	6990
SM00976	Telo_bind	0.999999999986663	-1.33368294706615e-11	1	0	0	13	6990
SM00805	AGTRAP	0.999999999986663	-1.33368294706615e-11	1	0	0	13	6990
SM00531	TFIIE	0.999999999986663	-1.33368294706615e-11	1	0	0	13	6990
SM01278	MAPKK1_Int	0.999999999986663	-1.33368294706615e-11	1	0	0	13	6990
SM01047	C1_4	0.999999999986663	-1.33368294706615e-11	1	0	0	13	6990
SM01416	Ribosomal_L19e	0.999999999986663	-1.33368294706615e-11	1	0	0	13	6990
SM00915	Jacalin	0.999999999986663	-1.33368294706615e-11	1	0	0	13	6990
SM01131	DHHA2	0.999999999986663	-1.33368294706615e-11	1	0	0	13	6990
SM00478	ENDO3c	0.999999999986663	-1.33368294706615e-11	1	0	0	13	6990
SM01348	Nbs1_C	0.999999999986663	-1.33368294706615e-11	1	0	0	13	6990
SM01151	DUF1518	0.999999999986663	-1.33368294706615e-11	1	0	0	13	6990
SM01346	DUF3385	0.999999999986663	-1.33368294706615e-11	1	0	0	13	6990
SM00944	Pro-kuma_activ	0.999999999986663	-1.33368294706615e-11	1	0	0	13	6990
SM00433	TOP2c	0.999999999986663	-1.33368294706615e-11	1	0	0	13	6990
SM01295	K167R	0.999999999986663	-1.33368294706615e-11	1	0	0	13	6990
SM00226	LMWPc	0.999999999986663	-1.33368294706615e-11	1	0	0	13	6990
SM00874	B5	0.999999999986663	-1.33368294706615e-11	1	0	0	13	6990
SM01319	Tankyrase_bdg_C	0.999999999986663	-1.33368294706615e-11	1	0	0	13	6990
SM00077	ITAM	0.999999999986663	-1.33368294706615e-11	1	0	0	13	6990
SM00530	HTH_XRE	0.999999999986663	-1.33368294706615e-11	1	0	0	13	6990
SM00780	PIG-X	0.999999999986663	-1.33368294706615e-11	1	0	0	13	6990
SM01382	Ribosomal_L2_C	0.999999999986663	-1.33368294706615e-11	1	0	0	13	6990
SM01071	CDC37_N	0.999999999986663	-1.33368294706615e-11	1	0	0	13	6990
SM01086	ClpB_D2-small	0.999999999986663	-1.33368294706615e-11	1	0	0	13	6990
SM01383	Ribosomal_L2	0.999999999986663	-1.33368294706615e-11	1	0	0	13	6990
SM01136	DKCLD	0.999999999986663	-1.33368294706615e-11	1	0	0	13	6990
SM01286	SPT16	0.999999999986663	-1.33368294706615e-11	1	0	0	13	6990
SM00570	AWS	0.999999999986663	-1.33368294706615e-11	1	0	0	13	6990
SM00784	SPT2	0.999999999986663	-1.33368294706615e-11	1	0	0	13	6990
SM01291	N-SET	0.999999999986663	-1.33368294706615e-11	1	0	0	13	6990
SM01085	CK_II_beta	0.999999999986663	-1.33368294706615e-11	1	0	0	13	6990
SM01183	EF1G	0.999999999986663	-1.33368294706615e-11	1	0	0	13	6990
SM01156	DUF1716	0.999999999986663	-1.33368294706615e-11	1	0	0	13	6990
SM00318	SNc	0.999999999986663	-1.33368294706615e-11	1	0	0	13	6990
SM00934	OMPdecase	0.999999999986663	-1.33368294706615e-11	1	0	0	13	6990
SM01253	Kin17_mid	0.999999999986663	-1.33368294706615e-11	1	0	0	13	6990
SM00062	PBPb	0.999999999986663	-1.33368294706615e-11	1	0	0	13	6990
SM01177	DUF4210	0.999999999986663	-1.33368294706615e-11	1	0	0	13	6990
SM00705	THEG	0.999999999986663	-1.33368294706615e-11	1	0	0	13	6990
SM00967	SpoU_sub_bind	0.999999999986663	-1.33368294706615e-11	1	0	0	13	6990
SM00962	SRP54	0.999999999986663	-1.33368294706615e-11	1	0	0	13	6990
SM01033	BING4CT	0.999999999986663	-1.33368294706615e-11	1	0	0	13	6990
SM00482	POLAc	0.999999999986663	-1.33368294706615e-11	1	0	0	13	6990
SM00682	G2F	0.999999999986663	-1.33368294706615e-11	1	0	0	13	6990
SM01377	Ribosomal_L40e	0.999999999986663	-1.33368294706615e-11	1	0	0	13	6990
SM00998	ADSL_C	0.999999999986663	-1.33368294706615e-11	1	0	0	13	6990
SM00567	EZ_HEAT	0.999999999986663	-1.33368294706615e-11	1	0	0	13	6990
SM00963	SRP54_N	0.999999999986663	-1.33368294706615e-11	1	0	0	13	6990
SM01281	Med12	0.999999999986663	-1.33368294706615e-11	1	0	0	13	6990
SM01364	NPP	0.999999999986663	-1.33368294706615e-11	1	0	0	13	6990
SM01098	CPSF73-100_C	0.999999999986663	-1.33368294706615e-11	1	0	0	13	6990
SM01222	FTCD_N	0.999999999986663	-1.33368294706615e-11	1	0	0	13	6990
SM01119	D-ser_dehydrat	0.999999999986663	-1.33368294706615e-11	1	0	0	13	6990
SM00826	PKS_DH	0.999999999986663	-1.33368294706615e-11	1	0	0	13	6990
SM01219	Frataxin_Cyay	0.999999999986663	-1.33368294706615e-11	1	0	0	13	6990
SM01024	BCS1_N	0.999999999986663	-1.33368294706615e-11	1	0	0	13	6990
SM00808	FABD	0.999999999986663	-1.33368294706615e-11	1	0	0	13	6990
SM01406	PAPA-1	0.999999999986663	-1.33368294706615e-11	1	0	0	13	6990
SM00466	SRA	0.999999999986663	-1.33368294706615e-11	1	0	0	13	6990
SM00113	CALCITONIN	0.999999999986663	-1.33368294706615e-11	1	0	0	13	6990
SM01013	APC2	0.999999999986663	-1.33368294706615e-11	1	0	0	13	6990
SM01300	PEHE	0.999999999986663	-1.33368294706615e-11	1	0	0	13	6990
SM01335	PADR1	0.999999999986663	-1.33368294706615e-11	1	0	0	13	6990
SM01262	LAMTOR	0.999999999986663	-1.33368294706615e-11	1	0	0	13	6990
SM00571	DDT	0.999999999986663	-1.33368294706615e-11	1	0	0	13	6990
SM01373	MAGE	0.999999999986663	-1.33368294706615e-11	1	0	0	13	6990
SM01276	M60-like	0.999999999986663	-1.33368294706615e-11	1	0	0	13	6990
SM01146	DUF1086	0.999999999986663	-1.33368294706615e-11	1	0	0	13	6990
SM01158	DUF1741	0.999999999986663	-1.33368294706615e-11	1	0	0	13	6990
SM00155	PLDc	0.999999999986663	-1.33368294706615e-11	1	0	0	13	6990
SM01128	DDRGK	0.999999999986663	-1.33368294706615e-11	1	0	0	13	6990
SM00985	UBA_e1_C	0.999999999986663	-1.33368294706615e-11	1	0	0	13	6990
SM01159	DUF1744	0.999999999986663	-1.33368294706615e-11	1	0	0	13	6990
SM00929	NADH-G_4Fe-4S_3	0.999999999986663	-1.33368294706615e-11	1	0	0	13	6990
SM00990	VRR_NUC	0.999999999986663	-1.33368294706615e-11	1	0	0	13	6990
SM01036	BP28CT	0.999999999986663	-1.33368294706615e-11	1	0	0	13	6990
SM01135	DIRP	0.999999999986663	-1.33368294706615e-11	1	0	0	13	6990
SM01174	DUF4205	0.999999999986663	-1.33368294706615e-11	1	0	0	13	6990
SM01350	6PGD	0.999999999986663	-1.33368294706615e-11	1	0	0	13	6990
SM01032	BHD_3	0.999999999986663	-1.33368294706615e-11	1	0	0	13	6990
SM00197	SAA	0.999999999986663	-1.33368294706615e-11	1	0	0	13	6990
SM00045	DAGKa	0.999999999986663	-1.33368294706615e-11	1	0	0	13	6990
SM01165	DUF1866	0.999999999986663	-1.33368294706615e-11	1	0	0	13	6990
SM00564	PQQ	0.999999999986663	-1.33368294706615e-11	1	0	0	13	6990
SM00798	AICARFT_IMPCHas	0.999999999986663	-1.33368294706615e-11	1	0	0	13	6990
SM00732	YqgFc	0.999999999986663	-1.33368294706615e-11	1	0	0	13	6990
SM00654	eIF6	0.999999999986663	-1.33368294706615e-11	1	0	0	13	6990
SM01413	Ribosomal_S19e	0.999999999986663	-1.33368294706615e-11	1	0	0	13	6990
SM00613	PAW	0.999999999986663	-1.33368294706615e-11	1	0	0	13	6990
SM01264	M16C_associated	0.999999999986663	-1.33368294706615e-11	1	0	0	13	6990
SM01122	DBC1	0.999999999986663	-1.33368294706615e-11	1	0	0	13	6990
SM01155	DUF1713	0.999999999986663	-1.33368294706615e-11	1	0	0	13	6990
SM01104	CTD	0.999999999986663	-1.33368294706615e-11	1	0	0	13	6990
SM00709	Zpr1	0.999999999986663	-1.33368294706615e-11	1	0	0	13	6990
SM00553	SEP	0.999999999986663	-1.33368294706615e-11	1	0	0	13	6990
SM00762	Cog4	0.999999999986663	-1.33368294706615e-11	1	0	0	13	6990
SM00945	ProQ	0.999999999986663	-1.33368294706615e-11	1	0	0	13	6990
SM00986	UDG	0.999999999986663	-1.33368294706615e-11	1	0	0	13	6990
SM01145	DUF1041	0.999999999986663	-1.33368294706615e-11	1	0	0	13	6990
SM01404	CIMR	0.999999999986663	-1.33368294706615e-11	1	0	0	13	6990
SM01370	TAFII55_N	0.999999999986663	-1.33368294706615e-11	1	0	0	13	6990
SM01181	E2_bind	0.999999999986663	-1.33368294706615e-11	1	0	0	13	6990
SM00719	Plus3	0.999999999986663	-1.33368294706615e-11	1	0	0	13	6990
SM01409	RNA_pol_Rpb6	0.999999999986663	-1.33368294706615e-11	1	0	0	13	6990
SM00825	PKS_KS	0.999999999986663	-1.33368294706615e-11	1	0	0	13	6990
SM01173	DUF4187	0.999999999986663	-1.33368294706615e-11	1	0	0	13	6990
SM00845	GatB_Yqey	0.999999999986663	-1.33368294706615e-11	1	0	0	13	6990
SM01125	DCP2	0.999999999986663	-1.33368294706615e-11	1	0	0	13	6990
SM00658	RPOL8c	0.999999999986663	-1.33368294706615e-11	1	0	0	13	6990
SM00870	Asparaginase	0.999999999986663	-1.33368294706615e-11	1	0	0	13	6990
SM00067	GHA	0.999999999986663	-1.33368294706615e-11	1	0	0	13	6990
SM01060	Catalase	0.999999999986663	-1.33368294706615e-11	1	0	0	13	6990
SM01285	FACT-Spt16_Nlob	0.999999999986663	-1.33368294706615e-11	1	0	0	13	6990
SM00245	TSPc	0.999999999986663	-1.33368294706615e-11	1	0	0	13	6990
SM01232	H2TH	0.999999999986663	-1.33368294706615e-11	1	0	0	13	6990
SM01254	KLRAQ	0.999999999986663	-1.33368294706615e-11	1	0	0	13	6990
SM00984	UDPG_MGDP_dh_C	0.999999999986663	-1.33368294706615e-11	1	0	0	13	6990
SM00463	SMR	0.999999999986663	-1.33368294706615e-11	1	0	0	13	6990
SM01001	AIRC	0.999999999986663	-1.33368294706615e-11	1	0	0	13	6990
SM00992	YccV-like	0.999999999986663	-1.33368294706615e-11	1	0	0	13	6990
SM01139	Drf_FH3	0.999999999986663	-1.33368294706615e-11	1	0	0	13	6990
SM01023	BAF	0.999999999986663	-1.33368294706615e-11	1	0	0	13	6990
SM00434	TOP4c	0.999999999986663	-1.33368294706615e-11	1	0	0	13	6990
SM01147	DUF1087	0.999999999986663	-1.33368294706615e-11	1	0	0	13	6990
SM01397	Ribosomal_S3Ae	0.999999999986663	-1.33368294706615e-11	1	0	0	13	6990
SM00538	POP4	0.999999999986663	-1.33368294706615e-11	1	0	0	13	6990
SM01065	CBM_2	0.999999999986663	-1.33368294706615e-11	1	0	0	13	6990
SM01035	BOP1NT	0.999999999986663	-1.33368294706615e-11	1	0	0	13	6990
SM01393	Ribosomal_L32e	0.999999999986663	-1.33368294706615e-11	1	0	0	13	6990
SM01347	Mre11_DNA_bind	0.999999999986663	-1.33368294706615e-11	1	0	0	13	6990
SM00162	SAPA	0.999999999986663	-1.33368294706615e-11	1	0	0	13	6990
SM01016	Arg_tRNA_synt_N	0.999999999986663	-1.33368294706615e-11	1	0	0	13	6990
SM01082	CHZ	0.999999999986663	-1.33368294706615e-11	1	0	0	13	6990
SM01395	Tbf5	0.999999999986663	-1.33368294706615e-11	1	0	0	13	6990
SM00975	Telomerase_RBD	0.999999999986663	-1.33368294706615e-11	1	0	0	13	6990
SM01044	Btz	0.999999999986663	-1.33368294706615e-11	1	0	0	13	6990
SM00243	GAS2	0.999999999986663	-1.33368294706615e-11	1	0	0	13	6990
SM01296	N2227	0.999999999986663	-1.33368294706615e-11	1	0	0	13	6990
SM00738	NGN	0.999999999986663	-1.33368294706615e-11	1	0	0	13	6990
SM01396	BC10	0.999999999986663	-1.33368294706615e-11	1	0	0	13	6990
SM00754	CHRD	0.999999999986663	-1.33368294706615e-11	1	0	0	13	6990
SM00946	ProRS-C_1	0.999999999986663	-1.33368294706615e-11	1	0	0	13	6990
SM01384	Ribosomal_L15e	0.999999999986663	-1.33368294706615e-11	1	0	0	13	6990
SM01162	DUF1771	0.999999999986663	-1.33368294706615e-11	1	0	0	13	6990
SM00595	MADF	0.999999999986663	-1.33368294706615e-11	1	0	0	13	6990
SM01380	Ribosomal_L31e	0.999999999986663	-1.33368294706615e-11	1	0	0	13	6990
SM01389	Spt4	0.999999999986663	-1.33368294706615e-11	1	0	0	13	6990
SM01031	BHD_2	0.999999999986663	-1.33368294706615e-11	1	0	0	13	6990
SM01239	IKKbetaNEMObind	0.999999999986663	-1.33368294706615e-11	1	0	0	13	6990
SM00956	RQC	0.999999999986663	-1.33368294706615e-11	1	0	0	13	6990
SM00731	SprT	0.999999999986663	-1.33368294706615e-11	1	0	0	13	6990
SM00983	TPK_B1_binding	0.999999999986663	-1.33368294706615e-11	1	0	0	13	6990
SM01378	Romo1	0.999999999986663	-1.33368294706615e-11	1	0	0	13	6990
SM01180	DWNN	0.999999999986663	-1.33368294706615e-11	1	0	0	13	6990
SM01385	DSS1_SEM1	0.999999999986663	-1.33368294706615e-11	1	0	0	13	6990
SM01096	CPSase_L_D3	0.999999999986663	-1.33368294706615e-11	1	0	0	13	6990
SM00254	ShKT	0.999999999986663	-1.33368294706615e-11	1	0	0	13	6990
SM01354	BLVR	0.999999999986663	-1.33368294706615e-11	1	0	0	13	6990
SM01124	DBR1	0.999999999986663	-1.33368294706615e-11	1	0	0	13	6990
SM01004	ALAD	0.999999999986663	-1.33368294706615e-11	1	0	0	13	6990
SM01204	FIST_C	0.999999999986663	-1.33368294706615e-11	1	0	0	13	6990
SM00756	VKc	0.999999999986663	-1.33368294706615e-11	1	0	0	13	6990
SM01152	DUF167	0.999999999986663	-1.33368294706615e-11	1	0	0	13	6990
SM01220	FSA_C	0.999999999986663	-1.33368294706615e-11	1	0	0	13	6990
SM01405	Ribosomal_S6e	0.999999999986663	-1.33368294706615e-11	1	0	0	13	6990
SM01210	GARS_C	0.999999999986663	-1.33368294706615e-11	1	0	0	13	6990
SM01386	Ribosomal_S13_N	0.999999999986663	-1.33368294706615e-11	1	0	0	13	6990
SM00683	DM16	0.999999999986663	-1.33368294706615e-11	1	0	0	13	6990
SM01133	DeoC	0.999999999986663	-1.33368294706615e-11	1	0	0	13	6990
SM01284	ECSIT_Cterm	0.999999999986663	-1.33368294706615e-11	1	0	0	13	6990
SM00111	C4	0.999999999986663	-1.33368294706615e-11	1	0	0	13	6990
SM01018	B12-binding_2	0.999999999986663	-1.33368294706615e-11	1	0	0	13	6990
SM01168	DUF1907	0.999999999986663	-1.33368294706615e-11	1	0	0	13	6990
SM00459	Sorb	0.999999999986663	-1.33368294706615e-11	1	0	0	13	6990
SM01120	Dak2	0.999999999986663	-1.33368294706615e-11	1	0	0	13	6990
SM00200	SEA	0.999999999986663	-1.33368294706615e-11	1	0	0	13	6990
SM00833	CobW_C	0.999999999986663	-1.33368294706615e-11	1	0	0	13	6990
SM00341	HRDC	0.999999999986663	-1.33368294706615e-11	1	0	0	13	6990
SM01144	DTW	0.999999999986663	-1.33368294706615e-11	1	0	0	13	6990
SM01191	ENT	0.999999999986663	-1.33368294706615e-11	1	0	0	13	6990
SM00263	LYZ1	0.999999999986663	-1.33368294706615e-11	1	0	0	13	6990
SM00860	SMI1_KNR4	0.999999999986663	-1.33368294706615e-11	1	0	0	13	6990
SM01097	CPSase_sm_chain	0.999999999986663	-1.33368294706615e-11	1	0	0	13	6990
SM01341	Tower	0.999999999986663	-1.33368294706615e-11	1	0	0	13	6990
SM00659	RPOLCX	0.999999999986663	-1.33368294706615e-11	1	0	0	13	6990
SM00663	RPOLA_N	0.999999999986663	-1.33368294706615e-11	1	0	0	13	6990
SM01123	DBP10CT	0.999999999986663	-1.33368294706615e-11	1	0	0	13	6990
SM01273	Mago-bind	0.999999999986663	-1.33368294706615e-11	1	0	0	13	6990
SM01402	Ribosomal_S27	0.999999999986663	-1.33368294706615e-11	1	0	0	13	6990
SM01030	BHD_1	0.999999999986663	-1.33368294706615e-11	1	0	0	13	6990
SM00922	MR_MLE	0.999999999986663	-1.33368294706615e-11	1	0	0	13	6990
SM00657	RPOL4c	0.999999999986663	-1.33368294706615e-11	1	0	0	13	6990
SM00441	FF	0.999999999986663	-1.33368294706615e-11	1	0	0	13	6990
SM00586	ZnF_DBF	0.999999999986663	-1.33368294706615e-11	1	0	0	13	6990
SM00558	JmjC	0.999999999987042	-1.29580101534802e-11	19	0	0	13	6990
SM01196	FERM_C	0.999999999987042	-1.29580101534802e-11	19	0	0	13	6990
SM00180	EGF_Lam	0.999999999987042	-1.29580101534802e-11	19	0	0	13	6990
SM00204	TGFB	0.999999999987138	-1.2862121442857e-11	35	0	0	13	6990
SM00312	PX	0.999999999987138	-1.2862121442857e-11	35	0	0	13	6990
SM00013	LRRNT	0.99999999998737	-1.26297814025262e-11	32	0	0	13	6990
SM00356	ZnF_C3H1	0.99999999998737	-1.26297814025262e-11	32	0	0	13	6990
SM00717	SANT	0.99999999998737	-1.26297814025262e-11	32	0	0	13	6990
SM00315	RGS	0.999999999987409	-1.25914215944061e-11	29	0	0	13	6990
SM00209	TSP1	0.999999999987482	-1.25180013858092e-11	34	0	0	13	6990
SM00423	PSI	0.999999999987482	-1.25180013858092e-11	34	0	0	13	6990
SM00490	HELICc	0.999999999987587	-1.24129531258764e-11	61	0	0	13	6990
SM00338	BRLZ	0.999999999987587	-1.24129531258764e-11	61	0	0	13	6990
SM01198	FBA	0.999999999987919	-1.20808169292318e-11	9	0	0	13	6990
SM00061	MATH	0.999999999987919	-1.20808169292318e-11	9	0	0	13	6990
SM00445	LINK	0.999999999987919	-1.20808169292318e-11	9	0	0	13	6990
SM00503	SynN	0.999999999987919	-1.20808169292318e-11	9	0	0	13	6990
SM00467	GS	0.999999999987919	-1.20808169292318e-11	9	0	0	13	6990
SM00387	HATPase_c	0.999999999987919	-1.20808169292318e-11	9	0	0	13	6990
SM00234	START	0.999999999987919	-1.20808169292318e-11	9	0	0	13	6990
SM01359	A2M_N_2	0.999999999987919	-1.20808169292318e-11	9	0	0	13	6990
SM00391	MBD	0.999999999987919	-1.20808169292318e-11	9	0	0	13	6990
SM01190	EMP24_GP25L	0.999999999987919	-1.20808169292318e-11	9	0	0	13	6990
SM00502	BBC	0.999999999987919	-1.20808169292318e-11	9	0	0	13	6990
SM00251	SAM_PNT	0.999999999987919	-1.20808169292318e-11	9	0	0	13	6990
SM00615	EPH_lbd	0.999999999987919	-1.20808169292318e-11	9	0	0	13	6990
SM00471	HDc	0.999999999987919	-1.20808169292318e-11	9	0	0	13	6990
SM00562	NDK	0.999999999987919	-1.20808169292318e-11	9	0	0	13	6990
SM00913	IBN_N	0.999999999987919	-1.20808169292318e-11	9	0	0	13	6990
SM00274	FOLN	0.999999999987919	-1.20808169292318e-11	9	0	0	13	6990
SM00501	BRIGHT	0.999999999987919	-1.20808169292318e-11	9	0	0	13	6990
SM00546	CUE	0.999999999987919	-1.20808169292318e-11	9	0	0	13	6990
SM00698	MORN	0.999999999987919	-1.20808169292318e-11	9	0	0	13	6990
SM00526	H15	0.999999999987919	-1.20808169292318e-11	9	0	0	13	6990
SM00154	ZnF_AN1	0.999999999987919	-1.20808169292318e-11	9	0	0	13	6990
SM01360	A2M	0.999999999987919	-1.20808169292318e-11	9	0	0	13	6990
SM00666	PB1	0.999999999988345	-1.16545994762769e-11	10	0	0	13	6990
SM00457	MACPF	0.999999999988345	-1.16545994762769e-11	10	0	0	13	6990
SM00202	SR	0.999999999988345	-1.16545994762769e-11	10	0	0	13	6990
SM00577	CPDc	0.999999999988345	-1.16545994762769e-11	10	0	0	13	6990
SM00148	PLCXc	0.999999999988345	-1.16545994762769e-11	10	0	0	13	6990
SM00246	WH2	0.999999999988345	-1.16545994762769e-11	10	0	0	13	6990
SM00921	MHC_II_beta	0.999999999988345	-1.16545994762769e-11	10	0	0	13	6990
SM01288	FISNA	0.999999999988345	-1.16545994762769e-11	10	0	0	13	6990
SM00548	IRO	0.999999999988345	-1.16545994762769e-11	10	0	0	13	6990
SM00292	BRCT	0.999999999988345	-1.16545994762769e-11	10	0	0	13	6990
SM00101	14_3_3	0.999999999988345	-1.16545994762769e-11	10	0	0	13	6990
SM00847	HA2	0.999999999988345	-1.16545994762769e-11	10	0	0	13	6990
SM00130	KR	0.999999999988345	-1.16545994762769e-11	10	0	0	13	6990
SM01117	Cyt-b5	0.999999999988345	-1.16545994762769e-11	10	0	0	13	6990
SM01189	ELM2	0.999999999988345	-1.16545994762769e-11	10	0	0	13	6990
SM01361	A2M_recep	0.999999999988345	-1.16545994762769e-11	10	0	0	13	6990
SM00116	CBS	0.999999999988345	-1.16545994762769e-11	10	0	0	13	6990
SM00948	Proteasome_A_N	0.999999999988345	-1.16545994762769e-11	10	0	0	13	6990
SM00232	JAB_MPN	0.999999999988345	-1.16545994762769e-11	10	0	0	13	6990
SM00290	ZnF_UBP	0.999999999988345	-1.16545994762769e-11	10	0	0	13	6990
SM00219	TyrKc	0.999999999988573	-1.1427172870422e-11	60	0	0	13	6990
SM00249	PHD	0.999999999988685	-1.1314652873957e-11	49	0	0	13	6990
SM00398	HMG	0.999999999988685	-1.1314652873957e-11	49	0	0	13	6990
SM00282	LamG	0.999999999988689	-1.13106362262942e-11	28	0	0	13	6990
SM00110	C1Q	0.999999999988689	-1.13106362262942e-11	28	0	0	13	6990
SM00248	ANK	0.999999999988906	-1.1093761841013e-11	141	0	0	13	6990
SM00033	CH	0.999999999989011	-1.09889149157516e-11	39	0	0	13	6990
SM00032	CCP	0.999999999989082	-1.09185366548737e-11	21	0	0	13	6990
SM00129	KISc	0.999999999989082	-1.09185366548737e-11	21	0	0	13	6990
SM00097	WNT1	0.999999999989082	-1.09185366548737e-11	21	0	0	13	6990
SM00864	Tubulin	0.999999999989082	-1.09185366548737e-11	21	0	0	13	6990
SM00280	KAZAL	0.999999999989082	-1.09185366548737e-11	21	0	0	13	6990
SM00297	BROMO	0.999999999989082	-1.09185366548737e-11	21	0	0	13	6990
SM00194	PTPc	0.999999999989082	-1.09185366548737e-11	21	0	0	13	6990
SM00235	ZnMc	0.999999999989082	-1.09185366548737e-11	21	0	0	13	6990
SM00133	S_TK_X	0.999999999989371	-1.06290610999804e-11	45	0	0	13	6990
SM00271	DnaJ	0.999999999989371	-1.06290610999804e-11	45	0	0	13	6990
SM00811	Alpha_kinase	0.999999999989425	-1.05747086677594e-11	3	0	0	13	6990
SM00473	PAN_AP	0.999999999989425	-1.05747086677594e-11	3	0	0	13	6990
SM00603	LCCL	0.999999999989425	-1.05747086677594e-11	3	0	0	13	6990
SM01052	CAP_GLY	0.999999999989425	-1.05747086677594e-11	3	0	0	13	6990
SM01010	AMPKBI	0.999999999989425	-1.05747086677594e-11	3	0	0	13	6990
SM00022	PLAc	0.999999999989425	-1.05747086677594e-11	3	0	0	13	6990
SM00737	ML	0.999999999989425	-1.05747086677594e-11	3	0	0	13	6990
SM00104	ANATO	0.999999999989425	-1.05747086677594e-11	3	0	0	13	6990
SM01132	DIL	0.999999999989425	-1.05747086677594e-11	3	0	0	13	6990
SM00031	DED	0.999999999989425	-1.05747086677594e-11	3	0	0	13	6990
SM01337	APC10	0.999999999989425	-1.05747086677594e-11	3	0	0	13	6990
SM00863	tRNA_SAD	0.999999999989425	-1.05747086677594e-11	3	0	0	13	6990
SM01401	Sds3	0.999999999989425	-1.05747086677594e-11	3	0	0	13	6990
SM00576	BTP	0.999999999989425	-1.05747086677594e-11	3	0	0	13	6990
SM00152	THY	0.999999999989425	-1.05747086677594e-11	3	0	0	13	6990
SM00788	Adenylsucc_synt	0.999999999989425	-1.05747086677594e-11	3	0	0	13	6990
SM00919	Malic_M	0.999999999989425	-1.05747086677594e-11	3	0	0	13	6990
SM00227	NEBU	0.999999999989425	-1.05747086677594e-11	3	0	0	13	6990
SM00485	XPGN	0.999999999989425	-1.05747086677594e-11	3	0	0	13	6990
SM00916	L51_S25_CI-B8	0.999999999989425	-1.05747086677594e-11	3	0	0	13	6990
SM01263	Leuk-A4-hydro_C	0.999999999989425	-1.05747086677594e-11	3	0	0	13	6990
SM00090	RIO	0.999999999989425	-1.05747086677594e-11	3	0	0	13	6990
SM00741	SapB	0.999999999989425	-1.05747086677594e-11	3	0	0	13	6990
SM00512	Skp1	0.999999999989425	-1.05747086677594e-11	3	0	0	13	6990
SM00534	MUTSac	0.999999999989425	-1.05747086677594e-11	3	0	0	13	6990
SM00751	BSD	0.999999999989425	-1.05747086677594e-11	3	0	0	13	6990
SM00393	R3H	0.999999999989425	-1.05747086677594e-11	3	0	0	13	6990
SM00561	MBT	0.999999999989425	-1.05747086677594e-11	3	0	0	13	6990
SM00396	ZnF_UBR1	0.999999999989425	-1.05747086677594e-11	3	0	0	13	6990
SM01202	FerI	0.999999999989425	-1.05747086677594e-11	3	0	0	13	6990
SM00144	PI3K_rbd	0.999999999989425	-1.05747086677594e-11	3	0	0	13	6990
SM00712	PUR	0.999999999989425	-1.05747086677594e-11	3	0	0	13	6990
SM00094	TR_FER	0.999999999989425	-1.05747086677594e-11	3	0	0	13	6990
SM00672	CAP10	0.999999999989425	-1.05747086677594e-11	3	0	0	13	6990
SM00852	MoCF_biosynth	0.999999999989425	-1.05747086677594e-11	3	0	0	13	6990
SM00931	NOSIC	0.999999999989425	-1.05747086677594e-11	3	0	0	13	6990
SM00218	ZU5	0.999999999989425	-1.05747086677594e-11	3	0	0	13	6990
SM00632	Aamy_C	0.999999999989425	-1.05747086677594e-11	3	0	0	13	6990
SM00533	MUTSd	0.999999999989425	-1.05747086677594e-11	3	0	0	13	6990
SM00734	ZnF_Rad18	0.999999999989425	-1.05747086677594e-11	3	0	0	13	6990
SM01127	DDHD	0.999999999989425	-1.05747086677594e-11	3	0	0	13	6990
SM01225	G8	0.999999999989425	-1.05747086677594e-11	3	0	0	13	6990
SM00464	LON	0.999999999989425	-1.05747086677594e-11	3	0	0	13	6990
SM00026	EPEND	0.999999999989425	-1.05747086677594e-11	3	0	0	13	6990
SM00085	PA2c	0.999999999989425	-1.05747086677594e-11	3	0	0	13	6990
SM01261	Thymopoietin	0.999999999989425	-1.05747086677594e-11	3	0	0	13	6990
SM00594	UAS	0.999999999989425	-1.05747086677594e-11	3	0	0	13	6990
SM00888	EF1_GNE	0.999999999989425	-1.05747086677594e-11	3	0	0	13	6990
SM00092	RNAse_Pc	0.999999999989425	-1.05747086677594e-11	3	0	0	13	6990
SM00836	DALR_1	0.999999999989425	-1.05747086677594e-11	3	0	0	13	6990
SM01179	DUF862	0.999999999989425	-1.05747086677594e-11	3	0	0	13	6990
SM00484	XPGI	0.999999999989425	-1.05747086677594e-11	3	0	0	13	6990
SM00733	Mterf	0.999999999989425	-1.05747086677594e-11	3	0	0	13	6990
SM00089	PKD	0.999999999989425	-1.05747086677594e-11	3	0	0	13	6990
SM00609	VIT	0.999999999989425	-1.05747086677594e-11	3	0	0	13	6990
SM00652	eIF1a	0.999999999989425	-1.05747086677594e-11	3	0	0	13	6990
SM00773	WGR	0.999999999989425	-1.05747086677594e-11	3	0	0	13	6990
SM00650	rADc	0.999999999989425	-1.05747086677594e-11	3	0	0	13	6990
SM00775	LNS2	0.999999999989425	-1.05747086677594e-11	3	0	0	13	6990
SM01194	eRF1_1	0.999999999989425	-1.05747086677594e-11	3	0	0	13	6990
SM01218	FoP_duplication	0.999999999989425	-1.05747086677594e-11	3	0	0	13	6990
SM00323	RasGAP	0.999999999989425	-1.05747086677594e-11	3	0	0	13	6990
SM00216	VWD	0.999999999989425	-1.05747086677594e-11	3	0	0	13	6990
SM01025	BEN	0.999999999989425	-1.05747086677594e-11	3	0	0	13	6990
SM01137	DMAP_binding	0.999999999989425	-1.05747086677594e-11	3	0	0	13	6990
SM00139	MyTH4	0.999999999989425	-1.05747086677594e-11	3	0	0	13	6990
SM00676	DM10	0.999999999989425	-1.05747086677594e-11	3	0	0	13	6990
SM01138	DP	0.999999999989425	-1.05747086677594e-11	3	0	0	13	6990
SM00250	PLEC	0.999999999989425	-1.05747086677594e-11	3	0	0	13	6990
SM01326	PTEN_C2	0.999999999989425	-1.05747086677594e-11	3	0	0	13	6990
SM00607	FTP	0.999999999989425	-1.05747086677594e-11	3	0	0	13	6990
SM00311	PWI	0.999999999989425	-1.05747086677594e-11	3	0	0	13	6990
SM00510	TFS2M	0.999999999989425	-1.05747086677594e-11	3	0	0	13	6990
SM00664	DoH	0.999999999989425	-1.05747086677594e-11	3	0	0	13	6990
SM00644	Ami_2	0.999999999989425	-1.05747086677594e-11	3	0	0	13	6990
SM00704	ZnF_CDGSH	0.999999999989425	-1.05747086677594e-11	3	0	0	13	6990
SM00812	Alpha_L_fucos	0.999999999989425	-1.05747086677594e-11	3	0	0	13	6990
SM01274	malic	0.999999999989425	-1.05747086677594e-11	3	0	0	13	6990
SM00140	NGF	0.999999999989425	-1.05747086677594e-11	3	0	0	13	6990
SM00701	PGRP	0.999999999989425	-1.05747086677594e-11	3	0	0	13	6990
SM00313	PXA	0.999999999989425	-1.05747086677594e-11	3	0	0	13	6990
SM01403	Ribosomal_S10	0.999999999989425	-1.05747086677594e-11	3	0	0	13	6990
SM01415	DUF106	0.999999999989425	-1.05747086677594e-11	3	0	0	13	6990
SM00107	BTK	0.999999999989425	-1.05747086677594e-11	3	0	0	13	6990
SM00006	A4_EXTRA	0.999999999989425	-1.05747086677594e-11	3	0	0	13	6990
SM00891	ERCC4	0.999999999989425	-1.05747086677594e-11	3	0	0	13	6990
SM01201	FerB	0.999999999989425	-1.05747086677594e-11	3	0	0	13	6990
SM00537	DCX	0.999999999989425	-1.05747086677594e-11	3	0	0	13	6990
SM01246	Josephin	0.999999999989425	-1.05747086677594e-11	3	0	0	13	6990
SM00095	TR_THY	0.999999999989425	-1.05747086677594e-11	3	0	0	13	6990
SM00193	PTN	0.999999999989425	-1.05747086677594e-11	3	0	0	13	6990
SM01115	cwf21	0.999999999989425	-1.05747086677594e-11	3	0	0	13	6990
SM00803	TAF	0.999999999989425	-1.05747086677594e-11	3	0	0	13	6990
SM00279	HhH2	0.999999999989425	-1.05747086677594e-11	3	0	0	13	6990
SM01212	Fib_alpha	0.999999999989425	-1.05747086677594e-11	3	0	0	13	6990
SM01020	B2-adapt-app_C	0.999999999989425	-1.05747086677594e-11	3	0	0	13	6990
SM00415	HSF	0.999999999989425	-1.05747086677594e-11	3	0	0	13	6990
SM00336	BBOX	0.999999999989482	-1.05182933524018e-11	57	0	0	13	6990
SM00449	SPRY	0.999999999989482	-1.05182933524018e-11	57	0	0	13	6990
SM00060	FN3	0.999999999989938	-1.00616865365306e-11	85	0	0	13	6990
SM00185	ARM	0.999999999989989	-1.00111335547725e-11	26	0	0	13	6990
SM00093	SERPIN	0.999999999989989	-1.00111335547725e-11	26	0	0	13	6990
SM00091	PAS	0.999999999989989	-1.00111335547725e-11	26	0	0	13	6990
SM00317	SET	0.999999999989989	-1.00111335547725e-11	26	0	0	13	6990
SM00645	Pept_C1	0.999999999990212	-9.78745672052548e-12	23	0	0	13	6990
SM00082	LRRCT	0.999999999990636	-9.36368403962988e-12	43	0	0	13	6990
SM00454	SAM	0.999999999990636	-9.36368403962988e-12	43	0	0	13	6990
SM00799	DENN	0.999999999990657	-9.34334639002707e-12	6	0	0	13	6990
SM00540	LEM	0.999999999990657	-9.34334639002707e-12	6	0	0	13	6990
SM00273	ENTH	0.999999999990657	-9.34334639002707e-12	6	0	0	13	6990
SM00153	VHP	0.999999999990657	-9.34334639002707e-12	6	0	0	13	6990
SM00191	Int_alpha	0.999999999990657	-9.34334639002707e-12	6	0	0	13	6990
SM01114	CXC	0.999999999990657	-9.34334639002707e-12	6	0	0	13	6990
SM00002	PLP	0.999999999990657	-9.34334639002707e-12	6	0	0	13	6990
SM00568	GRAM	0.999999999990657	-9.34334639002707e-12	6	0	0	13	6990
SM00166	UBX	0.999999999990657	-9.34334639002707e-12	6	0	0	13	6990
SM00884	Cullin_Nedd8	0.999999999990657	-9.34334639002707e-12	6	0	0	13	6990
SM00730	PSN	0.999999999990657	-9.34334639002707e-12	6	0	0	13	6990
SM00427	H2B	0.999999999990657	-9.34334639002707e-12	6	0	0	13	6990
SM00950	Piwi	0.999999999990657	-9.34334639002707e-12	6	0	0	13	6990
SM00544	MA3	0.999999999990657	-9.34334639002707e-12	6	0	0	13	6990
SM01015	Arfaptin	0.999999999990657	-9.34334639002707e-12	6	0	0	13	6990
SM00128	IPPc	0.999999999990657	-9.34334639002707e-12	6	0	0	13	6990
SM00059	FN2	0.999999999990657	-9.34334639002707e-12	6	0	0	13	6990
SM00440	ZnF_C2C2	0.999999999990657	-9.34334639002707e-12	6	0	0	13	6990
SM00801	dDENN	0.999999999990657	-9.34334639002707e-12	6	0	0	13	6990
SM00394	RIIa	0.999999999990657	-9.34334639002707e-12	6	0	0	13	6990
SM00584	TLDc	0.999999999990657	-9.34334639002707e-12	6	0	0	13	6990
SM01039	BRICHOS	0.999999999990657	-9.34334639002707e-12	6	0	0	13	6990
SM00357	CSP	0.999999999990657	-9.34334639002707e-12	6	0	0	13	6990
SM00800	uDENN	0.999999999990657	-9.34334639002707e-12	6	0	0	13	6990
SM01329	Iso_dh	0.999999999990657	-9.34334639002707e-12	6	0	0	13	6990
SM00545	JmjN	0.999999999990657	-9.34334639002707e-12	6	0	0	13	6990
SM00642	Aamy	0.999999999990657	-9.34334639002707e-12	6	0	0	13	6990
SM01166	DUF1899	0.999999999990657	-9.34334639002707e-12	6	0	0	13	6990
SM01046	c-SKI_SMAD_bind	0.999999999990657	-9.34334639002707e-12	6	0	0	13	6990
SM00614	ZnF_BED	0.999999999990657	-9.34334639002707e-12	6	0	0	13	6990
SM00838	EFG_C	0.999999999990657	-9.34334639002707e-12	6	0	0	13	6990
SM01408	ING	0.999999999990657	-9.34334639002707e-12	6	0	0	13	6990
SM00141	PDGF	0.999999999990657	-9.34334639002707e-12	6	0	0	13	6990
SM01241	Integrin_b_cyt	0.999999999990657	-9.34334639002707e-12	6	0	0	13	6990
SM00889	EFG_IV	0.999999999990657	-9.34334639002707e-12	6	0	0	13	6990
SM00021	DAX	0.999999999990657	-9.34334639002707e-12	6	0	0	13	6990
SM00543	MIF4G	0.999999999990657	-9.34334639002707e-12	6	0	0	13	6990
SM00428	H3	0.999999999990657	-9.34334639002707e-12	6	0	0	13	6990
SM00455	RBD	0.999999999990657	-9.34334639002707e-12	6	0	0	13	6990
SM00460	TGc	0.999999999990657	-9.34334639002707e-12	6	0	0	13	6990
SM00192	LDLa	0.999999999991126	-8.87382994933337e-12	24	0	0	13	6990
SM00241	ZP	0.999999999991126	-8.87382994933337e-12	24	0	0	13	6990
SM00361	RRM_1	0.999999999991225	-8.77489060288911e-12	22	0	0	13	6990
SM00186	FBG	0.999999999991225	-8.77489060288911e-12	22	0	0	13	6990
SM00848	Inhibitor_I29	0.999999999991225	-8.77489060288911e-12	22	0	0	13	6990
SM00413	ETS	0.999999999991225	-8.77489060288911e-12	22	0	0	13	6990
SM00397	t_SNARE	0.999999999991225	-8.77489060288911e-12	22	0	0	13	6990
SM00179	EGF_CA	0.99999999999164	-8.35951018163186e-12	77	0	0	13	6990
SM00028	TPR	0.99999999999164	-8.35951018163186e-12	77	0	0	13	6990
SM00360	RRM	0.999999999991746	-8.25434907512149e-12	179	0	0	13	6990
SM00295	B41	0.999999999992038	-7.96210652805108e-12	33	0	0	13	6990
SM00612	Kelch	0.999999999992038	-7.96210652805108e-12	33	0	0	13	6990
SM00322	KH	0.999999999992038	-7.96210652805108e-12	33	0	0	13	6990
SM00184	RING	0.999999999992178	-7.82156125342351e-12	166	0	0	13	6990
SM00630	Sema	0.999999999992433	-7.56681396692844e-12	30	0	0	13	6990
SM00195	DSPc	0.999999999992433	-7.56681396692844e-12	30	0	0	13	6990
SM00327	VWA	0.999999999992433	-7.56681396692844e-12	30	0	0	13	6990
SM00442	FGF	0.999999999992433	-7.56681396692844e-12	30	0	0	13	6990
SM00037	CNX	0.999999999992433	-7.56681396692844e-12	30	0	0	13	6990
SM01089	Connexin_CCC	0.999999999992515	-7.48526090359619e-12	31	0	0	13	6990
SM00109	C1	0.999999999992515	-7.48526090359619e-12	31	0	0	13	6990
SM00385	CYCLIN	0.999999999992515	-7.48526090359619e-12	31	0	0	13	6990
SM00225	BTB	0.999999999992863	-7.13736982450081e-12	113	0	0	13	6990
SM00181	EGF	0.999999999992863	-7.13736982450081e-12	113	0	0	13	6990
SM00355	ZnF_C2H2	0.999999999992916	-7.08405072278165e-12	345	0	0	13	6990
SM00969	SOCS_box	0.999999999992952	-7.04801617753839e-12	38	0	0	13	6990
SM00239	C2	0.999999999993183	-6.81728404376476e-12	62	0	0	13	6990
SM00034	CLECT	0.999999999993183	-6.81728404376476e-12	62	0	0	13	6990
SM00382	AAA	0.999999999993199	-6.8005344478732e-12	92	0	0	13	6990
SM00247	XTALbg	0.999999999993255	-6.74550517405458e-12	55	0	0	13	6990
SM00865	Tubulin_C	0.999999999993288	-6.7122739339669e-12	20	0	0	13	6990
SM00298	CHROMO	0.999999999993288	-6.7122739339669e-12	20	0	0	13	6990
SM00462	PTB	0.999999999993288	-6.7122739339669e-12	20	0	0	13	6990
SM00275	G_alpha	0.999999999993288	-6.7122739339669e-12	20	0	0	13	6990
SM00086	PAC	0.999999999993288	-6.7122739339669e-12	20	0	0	13	6990
SM00063	FRI	0.999999999993288	-6.7122739339669e-12	20	0	0	13	6990
SM00268	ACTIN	0.999999999993288	-6.7122739339669e-12	20	0	0	13	6990
SM00831	Cation_ATPase_N	0.999999999993288	-6.7122739339669e-12	20	0	0	13	6990
SM00242	MYSc	0.999999999993288	-6.7122739339669e-12	20	0	0	13	6990
SM00054	EFh	0.999999999993479	-6.52067766565889e-12	130	0	0	13	6990
SM00875	BACK	0.999999999994205	-5.79508573095366e-12	40	0	0	13	6990
SM00487	DEXDc	0.999999999995291	-4.70922445798327e-12	64	0	0	13	6990
SM00020	Tryp_SPc	0.999999999995291	-4.70922445798327e-12	64	0	0	13	6990
SM00112	CA	0.999999999995313	-4.68705096335398e-12	82	0	0	13	6990
SM01381	7TM_GPCR_Srsx	0.999999999995676	-4.32393604058441e-12	146	0	0	13	6990
SM00404	PTPc_motif	0.999999999995855	-4.14472243484438e-12	47	0	0	13	6990
SM00353	HLH	0.999999999996407	-3.59297255338067e-12	119	0	0	13	6990
SM00744	RINGv	0.999999999996562	-3.43810181546788e-12	12	0	0	13	6990
SM01394	S_100	0.999999999996562	-3.43810181546788e-12	12	0	0	13	6990
SM00038	COLFI	0.999999999996562	-3.43810181546788e-12	12	0	0	13	6990
SM00231	FA58C	0.999999999996562	-3.43810181546788e-12	12	0	0	13	6990
SM00855	PGAM	0.999999999996562	-3.43810181546788e-12	12	0	0	13	6990
SM00053	DYNc	0.999999999996562	-3.43810181546788e-12	12	0	0	13	6990
SM00008	HormR	0.999999999996562	-3.43810181546788e-12	12	0	0	13	6990
SM00513	SAP	0.999999999996562	-3.43810181546788e-12	12	0	0	13	6990
SM00647	IBR	0.999999999996562	-3.43810181546788e-12	12	0	0	13	6990
SM00702	P4Hc	0.999999999996562	-3.43810181546788e-12	12	0	0	13	6990
SM00523	DWA	0.999999999996562	-3.43810181546788e-12	12	0	0	13	6990
SM00461	WH1	0.999999999996562	-3.43810181546788e-12	12	0	0	13	6990
SM00120	HX	0.999999999996562	-3.43810181546788e-12	12	0	0	13	6990
SM00504	Ubox	0.999999999996562	-3.43810181546788e-12	12	0	0	13	6990
SM00348	IRF	0.999999999996562	-3.43810181546788e-12	12	0	0	13	6990
SM00043	CY	0.999999999996562	-3.43810181546788e-12	12	0	0	13	6990
SM00276	GLECT	0.999999999996562	-3.43810181546788e-12	12	0	0	13	6990
SM00908	Gal-bind_lectin	0.999999999996562	-3.43810181546788e-12	12	0	0	13	6990
SM00102	ADF	0.999999999996562	-3.43810181546788e-12	12	0	0	13	6990
SM00136	LamNT	0.999999999996562	-3.43810181546788e-12	12	0	0	13	6990
SM00291	ZnF_ZZ	0.999999999996562	-3.43810181546788e-12	12	0	0	13	6990
SM00339	FH	0.999999999997634	-2.36570596988524e-12	54	0	0	13	6990
SM00399	ZnF_C4	0.999999999999259	-7.4111460054513e-13	63	0	0	13	6990
SM00721	BAR	0.999999999999418	-5.82046211191264e-13	16	0	0	13	6990
SM00352	POU	0.999999999999418	-5.82046211191264e-13	16	0	0	13	6990
SM00150	SPEC	0.999999999999418	-5.82046211191264e-13	16	0	0	13	6990
SM00651	Sm	0.999999999999418	-5.82046211191264e-13	16	0	0	13	6990
SM00511	ORANGE	0.999999999999418	-5.82046211191264e-13	16	0	0	13	6990
SM00100	cNMP	0.999999999999418	-5.82046211191264e-13	16	0	0	13	6990
SM00285	PBD	0.999999999999418	-5.82046211191264e-13	16	0	0	13	6990
SM00240	FHA	0.999999999999418	-5.82046211191264e-13	16	0	0	13	6990
SM00064	FYVE	0.999999999999418	-5.82046211191264e-13	16	0	0	13	6990
SM00294	4.1m	0.999999999999418	-5.82046211191264e-13	16	0	0	13	6990
SM00156	PP2Ac	0.999999999999418	-5.82046211191264e-13	16	0	0	13	6990
SM00244	PHB	0.999999999999418	-5.82046211191264e-13	16	0	0	13	6990
SM00055	FCH	0.999999999999418	-5.82046211191264e-13	16	0	0	13	6990
SM00451	ZnF_U1	0.999999999999418	-5.82046211191264e-13	16	0	0	13	6990
SM00429	IPT	0.999999999999418	-5.82046211191264e-13	16	0	0	13	6990
SM00343	ZnF_C2HC	0.999999999999418	-5.82046211191264e-13	16	0	0	13	6990
SM00164	TBC	0.999999999999418	-5.82046211191264e-13	16	0	0	13	6990
SM00213	UBQ	0.999999999999772	-2.27757198224659e-13	37	0	0	13	6990
SM01411	Ephrin_rec_like	1.0000000000002	2.00787205512441e-13	18	0	0	13	6990
SM00980	THAP	1.0000000000002	2.00787205512441e-13	18	0	0	13	6990
SM00335	ANX	1.0000000000002	2.00787205512441e-13	18	0	0	13	6990
SM00667	LisH	1.0000000000002	2.00787205512441e-13	18	0	0	13	6990
SM00224	GGL	1.0000000000002	2.00787205512441e-13	18	0	0	13	6990
SM00105	ArfGap	1.0000000000002	2.00787205512441e-13	18	0	0	13	6990
SM00430	HOLI	1.00000000000025	2.51090989974789e-13	65	0	0	13	6990
SM00115	CASc	1.00000000000118	1.17955385442619e-12	17	0	0	13	6990
SM00210	TSPN	1.00000000000118	1.17955385442619e-12	17	0	0	13	6990
SM00261	FU	1.00000000000118	1.17955385442619e-12	17	0	0	13	6990
SM00643	C345C	1.00000000000118	1.17955385442619e-12	17	0	0	13	6990
SM00333	TUDOR	1.00000000000118	1.17955385442619e-12	17	0	0	13	6990
SM00119	HECTc	1.00000000000118	1.17955385442619e-12	17	0	0	13	6990
SM01332	Cyclin_C	1.00000000000118	1.17955385442619e-12	17	0	0	13	6990
SM00720	calpain_III	1.00000000000118	1.17955385442619e-12	17	0	0	13	6990
SM00230	CysPc	1.00000000000118	1.17955385442619e-12	17	0	0	13	6990
SM00015	IQ	1.00000000000118	1.17955385442619e-12	17	0	0	13	6990
SM00253	SOCS	1.00000000000118	1.17955385442619e-12	17	0	0	13	6990
SM00314	RA	1.00000000000118	1.17955385442619e-12	17	0	0	13	6990
SM00041	CT	1.00000000000118	1.17955385442619e-12	17	0	0	13	6990
SM00918	Lig_chan-Glu_bd	1.00000000000165	1.65380416253122e-12	14	0	0	13	6990
SM00569	L27	1.00000000000165	1.65380416253122e-12	14	0	0	13	6990
SM00131	KU	1.00000000000165	1.65380416253122e-12	14	0	0	13	6990
SM00079	PBPe	1.00000000000165	1.65380416253122e-12	14	0	0	13	6990
SM00014	acidPPc	1.00000000000165	1.65380416253122e-12	14	0	0	13	6990
SM01017	Arrestin_C	1.00000000000165	1.65380416253122e-12	14	0	0	13	6990
SM00293	PWWP	1.00000000000165	1.65380416253122e-12	14	0	0	13	6990
SM00829	PKS_ER	1.00000000000165	1.65380416253122e-12	14	0	0	13	6990
SM01057	Carb_anhydrase	1.00000000000165	1.65380416253122e-12	14	0	0	13	6990
SM00960	Robl_LC7	1.0000000000036	3.59649618376915e-12	2	0	0	13	6990
SM01269	Lipid_DES	1.0000000000036	3.59649618376915e-12	2	0	0	13	6990
SM00151	SWIB	1.0000000000036	3.59649618376915e-12	2	0	0	13	6990
SM01374	Ribosomal_L14	1.0000000000036	3.59649618376915e-12	2	0	0	13	6990
SM00993	YL1_C	1.0000000000036	3.59649618376915e-12	2	0	0	13	6990
SM01083	Cir_N	1.0000000000036	3.59649618376915e-12	2	0	0	13	6990
SM00973	Sec63	1.0000000000036	3.59649618376915e-12	2	0	0	13	6990
SM00521	CBF	1.0000000000036	3.59649618376915e-12	2	0	0	13	6990
SM01287	Rtt106	1.0000000000036	3.59649618376915e-12	2	0	0	13	6990
SM00299	CLH	1.0000000000036	3.59649618376915e-12	2	0	0	13	6990
SM00143	PI3K_p85B	1.0000000000036	3.59649618376915e-12	2	0	0	13	6990
SM01142	DSHCT	1.0000000000036	3.59649618376915e-12	2	0	0	13	6990
SM00321	WSC	1.0000000000036	3.59649618376915e-12	2	0	0	13	6990
SM01336	zf-PARP	1.0000000000036	3.59649618376915e-12	2	0	0	13	6990
SM00592	BRK	1.0000000000036	3.59649618376915e-12	2	0	0	13	6990
SM01200	FerA	1.0000000000036	3.59649618376915e-12	2	0	0	13	6990
SM00328	BPI1	1.0000000000036	3.59649618376915e-12	2	0	0	13	6990
SM01070	CDC37_M	1.0000000000036	3.59649618376915e-12	2	0	0	13	6990
SM01267	LAG1_DNAbind	1.0000000000036	3.59649618376915e-12	2	0	0	13	6990
SM01233	HABP4_PAI-RBP1	1.0000000000036	3.59649618376915e-12	2	0	0	13	6990
SM00978	Tim44	1.0000000000036	3.59649618376915e-12	2	0	0	13	6990
SM00602	VPS10	1.0000000000036	3.59649618376915e-12	2	0	0	13	6990
SM00711	TDU	1.0000000000036	3.59649618376915e-12	2	0	0	13	6990
SM00580	PUG	1.0000000000036	3.59649618376915e-12	2	0	0	13	6990
SM01268	BTD	1.0000000000036	3.59649618376915e-12	2	0	0	13	6990
SM00839	ELFV_dehydrog	1.0000000000036	3.59649618376915e-12	2	0	0	13	6990
SM01399	Sybindin	1.0000000000036	3.59649618376915e-12	2	0	0	13	6990
SM00188	IL10	1.0000000000036	3.59649618376915e-12	2	0	0	13	6990
SM00846	Gp_dh_N	1.0000000000036	3.59649618376915e-12	2	0	0	13	6990
SM00486	POLBc	1.0000000000036	3.59649618376915e-12	2	0	0	13	6990
SM00035	CLa	1.0000000000036	3.59649618376915e-12	2	0	0	13	6990
SM00695	DUSP	1.0000000000036	3.59649618376915e-12	2	0	0	13	6990
SM00670	PINc	1.0000000000036	3.59649618376915e-12	2	0	0	13	6990
SM01368	RB_A	1.0000000000036	3.59649618376915e-12	2	0	0	13	6990
SM00206	NTR	1.0000000000036	3.59649618376915e-12	2	0	0	13	6990
SM01376	eIF-5a	1.0000000000036	3.59649618376915e-12	2	0	0	13	6990
SM00952	RAP	1.0000000000036	3.59649618376915e-12	2	0	0	13	6990
SM00265	BH4	1.0000000000036	3.59649618376915e-12	2	0	0	13	6990
SM00550	Zalpha	1.0000000000036	3.59649618376915e-12	2	0	0	13	6990
SM00896	FDX-ACB	1.0000000000036	3.59649618376915e-12	2	0	0	13	6990
SM01000	Aha1_N	1.0000000000036	3.59649618376915e-12	2	0	0	13	6990
SM00932	Nfu_N	1.0000000000036	3.59649618376915e-12	2	0	0	13	6990
SM01130	DHDPS	1.0000000000036	3.59649618376915e-12	2	0	0	13	6990
SM01299	PIP49_N	1.0000000000036	3.59649618376915e-12	2	0	0	13	6990
SM01398	Cornichon	1.0000000000036	3.59649618376915e-12	2	0	0	13	6990
SM01283	Costars	1.0000000000036	3.59649618376915e-12	2	0	0	13	6990
SM01084	CKS	1.0000000000036	3.59649618376915e-12	2	0	0	13	6990
SM00653	eIF2B_5	1.0000000000036	3.59649618376915e-12	2	0	0	13	6990
SM01178	DUF4217	1.0000000000036	3.59649618376915e-12	2	0	0	13	6990
SM00694	DysFC	1.0000000000036	3.59649618376915e-12	2	0	0	13	6990
SM01343	FATC	1.0000000000036	3.59649618376915e-12	2	0	0	13	6990
SM01229	GluR_Homer-bdg	1.0000000000036	3.59649618376915e-12	2	0	0	13	6990
SM01161	DUF1767	1.0000000000036	3.59649618376915e-12	2	0	0	13	6990
SM00893	ETF	1.0000000000036	3.59649618376915e-12	2	0	0	13	6990
SM00755	Grip	1.0000000000036	3.59649618376915e-12	2	0	0	13	6990
SM00025	Pumilio	1.0000000000036	3.59649618376915e-12	2	0	0	13	6990
SM01069	CDC37_C	1.0000000000036	3.59649618376915e-12	2	0	0	13	6990
SM00363	S4	1.0000000000036	3.59649618376915e-12	2	0	0	13	6990
SM00392	PROF	1.0000000000036	3.59649618376915e-12	2	0	0	13	6990
SM00761	HDAC_interact	1.0000000000036	3.59649618376915e-12	2	0	0	13	6990
SM00693	DysFN	1.0000000000036	3.59649618376915e-12	2	0	0	13	6990
SM01363	ACTH_domain	1.0000000000036	3.59649618376915e-12	2	0	0	13	6990
SM01367	DUF3452	1.0000000000036	3.59649618376915e-12	2	0	0	13	6990
SM00469	WIF	1.0000000000036	3.59649618376915e-12	2	0	0	13	6990
SM01022	ASCH	1.0000000000036	3.59649618376915e-12	2	0	0	13	6990
SM01074	Cdc6_C	1.0000000000036	3.59649618376915e-12	2	0	0	13	6990
SM01002	AlaDh_PNT_C	1.0000000000036	3.59649618376915e-12	2	0	0	13	6990
SM00559	Ku78	1.0000000000036	3.59649618376915e-12	2	0	0	13	6990
SM01362	DUF663	1.0000000000036	3.59649618376915e-12	2	0	0	13	6990
SM00736	CADG	1.0000000000036	3.59649618376915e-12	2	0	0	13	6990
SM00474	35EXOc	1.0000000000036	3.59649618376915e-12	2	0	0	13	6990
SM00555	GIT	1.0000000000036	3.59649618376915e-12	2	0	0	13	6990
SM00535	RIBOc	1.0000000000036	3.59649618376915e-12	2	0	0	13	6990
SM01410	DIM1	1.0000000000036	3.59649618376915e-12	2	0	0	13	6990
SM01028	Beta-TrCP_D	1.0000000000036	3.59649618376915e-12	2	0	0	13	6990
SM01176	DUF4208	1.0000000000036	3.59649618376915e-12	2	0	0	13	6990
SM01011	AMP_N	1.0000000000036	3.59649618376915e-12	2	0	0	13	6990
SM00549	TAFH	1.0000000000036	3.59649618376915e-12	2	0	0	13	6990
SM01365	Op_neuropeptide	1.0000000000036	3.59649618376915e-12	2	0	0	13	6990
SM00500	SFM	1.0000000000036	3.59649618376915e-12	2	0	0	13	6990
SM00882	CoA_trans	1.0000000000036	3.59649618376915e-12	2	0	0	13	6990
SM00581	PSP	1.0000000000036	3.59649618376915e-12	2	0	0	13	6990
SM00792	Agouti	1.0000000000036	3.59649618376915e-12	2	0	0	13	6990
SM01237	ICA69	1.0000000000036	3.59649618376915e-12	2	0	0	13	6990
SM00827	PKS_AT	1.0000000000036	3.59649618376915e-12	2	0	0	13	6990
SM00858	SAF	1.0000000000036	3.59649618376915e-12	2	0	0	13	6990
SM01141	DRY_EERY	1.0000000000036	3.59649618376915e-12	2	0	0	13	6990
SM00995	AD	1.0000000000036	3.59649618376915e-12	2	0	0	13	6990
SM00851	MGS	1.0000000000036	3.59649618376915e-12	2	0	0	13	6990
SM00723	AMOP	1.0000000000036	3.59649618376915e-12	2	0	0	13	6990
SM00039	CRF	1.0000000000036	3.59649618376915e-12	2	0	0	13	6990
SM00536	AXH	1.0000000000036	3.59649618376915e-12	2	0	0	13	6990
SM00560	LamGL	1.0000000000036	3.59649618376915e-12	2	0	0	13	6990
SM01175	DUF4206	1.0000000000036	3.59649618376915e-12	2	0	0	13	6990
SM00662	RPOLD	1.0000000000036	3.59649618376915e-12	2	0	0	13	6990
SM00573	HSA	1.0000000000036	3.59649618376915e-12	2	0	0	13	6990
SM00278	HhH1	1.0000000000036	3.59649618376915e-12	2	0	0	13	6990
SM00076	IFabd	1.0000000000036	3.59649618376915e-12	2	0	0	13	6990
SM01249	KASH	1.0000000000036	3.59649618376915e-12	2	0	0	13	6990
SM00902	Fe_hyd_SSU	1.0000000000036	3.59649618376915e-12	2	0	0	13	6990
SM01340	DNA_mis_repair	1.0000000000036	3.59649618376915e-12	2	0	0	13	6990
SM00872	Alpha-mann_mid	1.0000000000036	3.59649618376915e-12	2	0	0	13	6990
SM01260	LANC_like	1.0000000000036	3.59649618376915e-12	2	0	0	13	6990
SM00435	TOPEUc	1.0000000000036	3.59649618376915e-12	2	0	0	13	6990
SM00542	FYRC	1.0000000000036	3.59649618376915e-12	2	0	0	13	6990
SM01314	SnAC	1.0000000000036	3.59649618376915e-12	2	0	0	13	6990
SM00426	TEA	1.0000000000036	3.59649618376915e-12	2	0	0	13	6990
SM00272	END	1.0000000000036	3.59649618376915e-12	2	0	0	13	6990
SM00873	B3_4	1.0000000000036	3.59649618376915e-12	2	0	0	13	6990
SM00661	RPOL9	1.0000000000036	3.59649618376915e-12	2	0	0	13	6990
SM01371	TFIIA	1.0000000000036	3.59649618376915e-12	2	0	0	13	6990
SM00058	FN1	1.0000000000036	3.59649618376915e-12	2	0	0	13	6990
SM00785	AARP2CN	1.0000000000036	3.59649618376915e-12	2	0	0	13	6990
SM01272	LsmAD	1.0000000000036	3.59649618376915e-12	2	0	0	13	6990
SM00898	Fapy_DNA_glyco	1.0000000000036	3.59649618376915e-12	2	0	0	13	6990
SM01003	AlaDh_PNT_N	1.0000000000036	3.59649618376915e-12	2	0	0	13	6990
SM00832	C8	1.0000000000036	3.59649618376915e-12	2	0	0	13	6990
SM00981	THUMP	1.0000000000036	3.59649618376915e-12	2	0	0	13	6990
SM00057	FIMAC	1.0000000000036	3.59649618376915e-12	2	0	0	13	6990
SM00003	NH	1.0000000000036	3.59649618376915e-12	2	0	0	13	6990
SM01186	eIF3_N	1.0000000000036	3.59649618376915e-12	2	0	0	13	6990
SM00722	CASH	1.0000000000036	3.59649618376915e-12	2	0	0	13	6990
SM01053	CaMBD	1.0000000000036	3.59649618376915e-12	2	0	0	13	6990
SM00649	RL11	1.0000000000036	3.59649618376915e-12	2	0	0	13	6990
SM01369	Rb_C	1.0000000000036	3.59649618376915e-12	2	0	0	13	6990
SM00030	CLb	1.0000000000036	3.59649618376915e-12	2	0	0	13	6990
SM00329	BPI2	1.0000000000036	3.59649618376915e-12	2	0	0	13	6990
SM00881	CoA_binding	1.0000000000036	3.59649618376915e-12	2	0	0	13	6990
SM01051	CAMSAP_CKK	1.0000000000036	3.59649618376915e-12	2	0	0	13	6990
SM01008	Ald_Xan_dh_C	1.0000000000036	3.59649618376915e-12	2	0	0	13	6990
SM01140	Drf_GBD	1.0000000000036	3.59649618376915e-12	2	0	0	13	6990
SM01092	CO_deh_flav_C	1.0000000000036	3.59649618376915e-12	2	0	0	13	6990
SM00951	QLQ	1.0000000000036	3.59649618376915e-12	2	0	0	13	6990
SM00541	FYRN	1.0000000000036	3.59649618376915e-12	2	0	0	13	6990
SM01390	Ribosomal_S4	1.0000000000036	3.59649618376915e-12	2	0	0	13	6990
SM00309	PAH	1.0000000000036	3.59649618376915e-12	2	0	0	13	6990
SM00444	GYF	1.0000000000036	3.59649618376915e-12	2	0	0	13	6990
SM01164	DUF1856	1.0000000000036	3.59649618376915e-12	2	0	0	13	6990
SM01387	Ribosomal_S15	1.0000000000036	3.59649618376915e-12	2	0	0	13	6990
