TermID	Term	Enrichment	logP	Genes in Term	Target Genes in Term	Fraction of Targets in Term	Total Target Genes	Total Genes	Entrez Gene IDs	Gene Symbols
SM00126	IL6	0.00626205214757409	-5.07324732848978	2	1	0.0333333333333333	30	9567	12985	Csf3
SM00327	VWA	0.0206604572837669	-3.87953368176178	71	2	0.0666666666666667	30	9567	209378,240675	Itih5,Vwa2
SM00609	VIT	0.0248216094519973	-3.69604065634439	8	1	0.0333333333333333	30	9567	209378	Itih5
SM00142	PI3K_C2	0.0248216094519973	-3.69604065634439	8	1	0.0333333333333333	30	9567	18705	Pik3c2g
SM00145	PI3Ka	0.0278821128233	-3.57976991320293	9	1	0.0333333333333333	30	9567	18705	Pik3c2g
SM00248	ANK	0.02806097262732	-3.57337554249515	212	3	0.1	30	9567	78785,12580,67993	Clip4,Cdkn2c,Nudt12
SM01052	CAP_GLY	0.0309333302973885	-3.47592102600287	10	1	0.0333333333333333	30	9567	78785	Clip4
SM00045	DAGKa	0.0309333302973885	-3.47592102600287	10	1	0.0333333333333333	30	9567	110197	Dgkg
SM00310	PTBI	0.0370080163017003	-3.2966207330019	12	1	0.0333333333333333	30	9567	16367	Irs1
SM00046	DAGKc	0.0430458841912316	-3.14548865799289	14	1	0.0333333333333333	30	9567	110197	Dgkg
SM00146	PI3Kc	0.0490471494665678	-3.01497320951031	16	1	0.0333333333333333	30	9567	18705	Pik3c2g
SM00134	LU	0.0579808858986751	-2.84764187622152	19	1	0.0333333333333333	30	9567	110454	Ly6a
SM00049	DEP	0.0638915794934732	-2.75056770259688	21	1	0.0333333333333333	30	9567	217944	Rapgef5
SM00020	Tryp_SPc	0.083549720039005	-2.48231337476616	154	2	0.0666666666666667	30	9567	15451,80893	Hpn,Tmprss5
SM00229	RasGEFN	0.0842980018634325	-2.47339711694287	28	1	0.0333333333333333	30	9567	217944	Rapgef5
SM00202	SR	0.0842980018634325	-2.47339711694287	28	1	0.0333333333333333	30	9567	15451	Hpn
SM00147	RasGEF	0.0842980018634325	-2.47339711694287	28	1	0.0333333333333333	30	9567	217944	Rapgef5
SM00194	PTPc	0.109903741852127	-2.20815037036212	37	1	0.0333333333333333	30	9567	19268	Ptprf
SM00242	MYSc	0.112705723773252	-2.18297507153083	38	1	0.0333333333333333	30	9567	17913	Myo1c
SM00297	BROMO	0.121060605391239	-2.11146398777743	41	1	0.0333333333333333	30	9567	18519	Kat2b
SM00185	ARM	0.123828627839928	-2.08885670281525	42	1	0.0333333333333333	30	9567	11877	Arvcf
SM00312	PX	0.123828627839928	-2.08885670281525	42	1	0.0333333333333333	30	9567	18705	Pik3c2g
SM00398	HMG	0.14567148713354	-1.92640128065227	50	1	0.0333333333333333	30	9567	20670	Sox15
SM00015	IQ	0.148364547481932	-1.90808287515935	51	1	0.0333333333333333	30	9567	17913	Myo1c
SM00013	LRRNT	0.153726071049598	-1.87258301985773	53	1	0.0333333333333333	30	9567	396184	Flrt1
SM00408	IGc2	0.158512266302975	-1.84192329873512	227	2	0.0666666666666667	30	9567	19268,72333	Ptprf,Palld
SM00184	RING	0.159615973927494	-1.83498451170983	228	2	0.0666666666666667	30	9567	93836,22644	Rnf111,Rnf103
SM00404	PTPc_motif	0.174847723018907	-1.74383983804021	61	1	0.0333333333333333	30	9567	19268	Ptprf
SM00109	C1	0.182636208915477	-1.70025903411862	64	1	0.0333333333333333	30	9567	110197	Dgkg
SM00082	LRRCT	0.210590557022092	-1.55783951873914	75	1	0.0333333333333333	30	9567	396184	Flrt1
SM00454	SAM	0.227896060155248	-1.47886563048305	82	1	0.0333333333333333	30	9567	19024	Ppfibp2
SM00252	SH2	0.273039766745897	-1.29813782866951	101	1	0.0333333333333333	30	9567	72281	Sh2d4a
SM00353	HLH	0.293522574990098	-1.22580072618094	110	1	0.0333333333333333	30	9567	83383	Tfap4
SM00179	EGF_CA	0.319966900045633	-1.13953772589577	122	1	0.0333333333333333	30	9567	240675	Vwa2
SM00239	C2	0.319966900045633	-1.13953772589577	122	1	0.0333333333333333	30	9567	18705	Pik3c2g
SM00409	IG	0.332307462423682	-1.10169464698634	377	2	0.0666666666666667	30	9567	19268,72333	Ptprf,Palld
SM00054	EFh	0.368002656501632	-0.999665122084826	145	1	0.0333333333333333	30	9567	110197	Dgkg
SM00060	FN3	0.376014776725229	-0.97812683656332	149	1	0.0333333333333333	30	9567	19268	Ptprf
SM00369	LRR_TYP	0.425750544089265	-0.853901681485336	175	1	0.0333333333333333	30	9567	396184	Flrt1
SM00181	EGF	0.427584816203098	-0.849602609809011	176	1	0.0333333333333333	30	9567	240675	Vwa2
SM01381	7TM_GPCR_Srsx	0.443840386248665	-0.812290271613022	185	1	0.0333333333333333	30	9567	15558	Htr2a
SM00225	BTB	0.469946283309138	-0.755136881641349	200	1	0.0333333333333333	30	9567	71393	Kctd6
SM00360	RRM	0.47838197936201	-0.737345745612864	205	1	0.0333333333333333	30	9567	27632	Nelfe
SM00389	HOX	0.548686132106775	-0.600228709326679	250	1	0.0333333333333333	30	9567	11538	Adnp
SM00233	PH	0.553032159072699	-0.592339125312157	253	1	0.0333333333333333	30	9567	16367	Irs1
SM00355	ZnF_C2H2	0.579687990493615	-0.545265267612102	611	2	0.0666666666666667	30	9567	11538,231986	Adnp,Jazf1
SM00502	BBC	0.99999999998776	-1.22401306991692e-11	15	0	0	30	9567
SM00498	FH2	0.99999999998776	-1.22401306991692e-11	15	0	0	30	9567
SM00800	uDENN	0.99999999998776	-1.22401306991692e-11	15	0	0	30	9567
SM00130	KR	0.99999999998776	-1.22401306991692e-11	15	0	0	30	9567
SM00726	UIM	0.99999999998776	-1.22401306991692e-11	15	0	0	30	9567
SM00501	BRIGHT	0.99999999998776	-1.22401306991692e-11	15	0	0	30	9567
SM00721	BAR	0.99999999998776	-1.22401306991692e-11	15	0	0	30	9567
SM01117	Cyt-b5	0.99999999998776	-1.22401306991692e-11	15	0	0	30	9567
SM00217	WAP	0.99999999998776	-1.22401306991692e-11	15	0	0	30	9567
SM00136	LamNT	0.99999999998776	-1.22401306991692e-11	15	0	0	30	9567
SM00352	POU	0.99999999998776	-1.22401306991692e-11	15	0	0	30	9567
SM00149	PLCYc	0.99999999998776	-1.22401306991692e-11	15	0	0	30	9567
SM00088	PINT	0.99999999998776	-1.22401306991692e-11	15	0	0	30	9567
SM00553	SEP	0.999999999988061	-1.19392211574975e-11	3	0	0	30	9567
SM00143	PI3K_p85B	0.999999999988061	-1.19392211574975e-11	3	0	0	30	9567
SM00438	ZnF_NFX	0.999999999988061	-1.19392211574975e-11	3	0	0	30	9567
SM01084	CKS	0.999999999988061	-1.19392211574975e-11	3	0	0	30	9567
SM00962	SRP54	0.999999999988061	-1.19392211574975e-11	3	0	0	30	9567
SM00090	RIO	0.999999999988061	-1.19392211574975e-11	3	0	0	30	9567
SM00183	NAT_PEP	0.999999999988061	-1.19392211574975e-11	3	0	0	30	9567
SM00113	CALCITONIN	0.999999999988061	-1.19392211574975e-11	3	0	0	30	9567
SM00997	AdoHcyase_NAD	0.999999999988061	-1.19392211574975e-11	3	0	0	30	9567
SM00931	NOSIC	0.999999999988061	-1.19392211574975e-11	3	0	0	30	9567
SM00341	HRDC	0.999999999988061	-1.19392211574975e-11	3	0	0	30	9567
SM00751	BSD	0.999999999988061	-1.19392211574975e-11	3	0	0	30	9567
SM01246	Josephin	0.999999999988061	-1.19392211574975e-11	3	0	0	30	9567
SM01300	PEHE	0.999999999988061	-1.19392211574975e-11	3	0	0	30	9567
SM00305	HintC	0.999999999988061	-1.19392211574975e-11	3	0	0	30	9567
SM00300	ChSh	0.999999999988061	-1.19392211574975e-11	3	0	0	30	9567
SM00057	FIMAC	0.999999999988061	-1.19392211574975e-11	3	0	0	30	9567
SM00851	MGS	0.999999999988061	-1.19392211574975e-11	3	0	0	30	9567
SM00722	CASH	0.999999999988061	-1.19392211574975e-11	3	0	0	30	9567
SM00963	SRP54_N	0.999999999988061	-1.19392211574975e-11	3	0	0	30	9567
SM00265	BH4	0.999999999988061	-1.19392211574975e-11	3	0	0	30	9567
SM00473	PAN_AP	0.999999999988061	-1.19392211574975e-11	3	0	0	30	9567
SM00735	ZM	0.999999999988061	-1.19392211574975e-11	3	0	0	30	9567
SM00306	HintN	0.999999999988061	-1.19392211574975e-11	3	0	0	30	9567
SM01367	DUF3452	0.999999999988061	-1.19392211574975e-11	3	0	0	30	9567
SM01275	MamL-1	0.999999999988061	-1.19392211574975e-11	3	0	0	30	9567
SM01333	Tet_JBP	0.999999999988061	-1.19392211574975e-11	3	0	0	30	9567
SM00916	L51_S25_CI-B8	0.999999999988061	-1.19392211574975e-11	3	0	0	30	9567
SM01232	H2TH	0.999999999988061	-1.19392211574975e-11	3	0	0	30	9567
SM00996	AdoHcyase	0.999999999988061	-1.19392211574975e-11	3	0	0	30	9567
SM00882	CoA_trans	0.999999999988061	-1.19392211574975e-11	3	0	0	30	9567
SM00309	PAH	0.999999999988061	-1.19392211574975e-11	3	0	0	30	9567
SM00750	KIND	0.999999999988061	-1.19392211574975e-11	3	0	0	30	9567
SM00712	PUR	0.999999999988061	-1.19392211574975e-11	3	0	0	30	9567
SM00311	PWI	0.999999999988061	-1.19392211574975e-11	3	0	0	30	9567
SM01146	DUF1086	0.999999999988061	-1.19392211574975e-11	3	0	0	30	9567
SM00704	ZnF_CDGSH	0.999999999988061	-1.19392211574975e-11	3	0	0	30	9567
SM00151	SWIB	0.999999999988061	-1.19392211574975e-11	3	0	0	30	9567
SM01369	Rb_C	0.999999999988061	-1.19392211574975e-11	3	0	0	30	9567
SM01176	DUF4208	0.999999999988061	-1.19392211574975e-11	3	0	0	30	9567
SM00594	UAS	0.999999999988061	-1.19392211574975e-11	3	0	0	30	9567
SM01083	Cir_N	0.999999999988061	-1.19392211574975e-11	3	0	0	30	9567
SM01200	FerA	0.999999999988061	-1.19392211574975e-11	3	0	0	30	9567
SM00363	S4	0.999999999988061	-1.19392211574975e-11	3	0	0	30	9567
SM01334	DUF3454	0.999999999988061	-1.19392211574975e-11	3	0	0	30	9567
SM00736	CADG	0.999999999988061	-1.19392211574975e-11	3	0	0	30	9567
SM01257	KRAP_IP3R_bind	0.999999999988061	-1.19392211574975e-11	3	0	0	30	9567
SM00836	DALR_1	0.999999999988061	-1.19392211574975e-11	3	0	0	30	9567
SM00478	ENDO3c	0.999999999988061	-1.19392211574975e-11	3	0	0	30	9567
SM01401	Sds3	0.999999999988061	-1.19392211574975e-11	3	0	0	30	9567
SM00576	BTP	0.999999999988061	-1.19392211574975e-11	3	0	0	30	9567
SM00278	HhH1	0.999999999988061	-1.19392211574975e-11	3	0	0	30	9567
SM00272	END	0.999999999988061	-1.19392211574975e-11	3	0	0	30	9567
SM01212	Fib_alpha	0.999999999988061	-1.19392211574975e-11	3	0	0	30	9567
SM01199	FDF	0.999999999988061	-1.19392211574975e-11	3	0	0	30	9567
SM00981	THUMP	0.999999999988061	-1.19392211574975e-11	3	0	0	30	9567
SM00663	RPOLA_N	0.999999999988061	-1.19392211574975e-11	3	0	0	30	9567
SM00006	A4_EXTRA	0.999999999988061	-1.19392211574975e-11	3	0	0	30	9567
SM00919	Malic_M	0.999999999988061	-1.19392211574975e-11	3	0	0	30	9567
SM01260	LANC_like	0.999999999988061	-1.19392211574975e-11	3	0	0	30	9567
SM00960	Robl_LC7	0.999999999988061	-1.19392211574975e-11	3	0	0	30	9567
SM01073	CDC48_N	0.999999999988061	-1.19392211574975e-11	3	0	0	30	9567
SM01051	CAMSAP_CKK	0.999999999988061	-1.19392211574975e-11	3	0	0	30	9567
SM00162	SAPA	0.999999999988061	-1.19392211574975e-11	3	0	0	30	9567
SM00650	rADc	0.999999999988061	-1.19392211574975e-11	3	0	0	30	9567
SM00672	CAP10	0.999999999988061	-1.19392211574975e-11	3	0	0	30	9567
SM00758	PA14	0.999999999988061	-1.19392211574975e-11	3	0	0	30	9567
SM01147	DUF1087	0.999999999988061	-1.19392211574975e-11	3	0	0	30	9567
SM00536	AXH	0.999999999988061	-1.19392211574975e-11	3	0	0	30	9567
SM01065	CBM_2	0.999999999988061	-1.19392211574975e-11	3	0	0	30	9567
SM00706	TECPR	0.999999999988061	-1.19392211574975e-11	3	0	0	30	9567
SM00773	WGR	0.999999999988061	-1.19392211574975e-11	3	0	0	30	9567
SM01403	Ribosomal_S10	0.999999999988061	-1.19392211574975e-11	3	0	0	30	9567
SM00002	PLP	0.999999999988061	-1.19392211574975e-11	3	0	0	30	9567
SM01274	malic	0.999999999988061	-1.19392211574975e-11	3	0	0	30	9567
SM00444	GYF	0.999999999988061	-1.19392211574975e-11	3	0	0	30	9567
SM00459	Sorb	0.999999999988061	-1.19392211574975e-11	3	0	0	30	9567
SM01271	LSM14	0.999999999988061	-1.19392211574975e-11	3	0	0	30	9567
SM01276	M60-like	0.999999999988061	-1.19392211574975e-11	3	0	0	30	9567
SM00803	TAF	0.999999999988061	-1.19392211574975e-11	3	0	0	30	9567
SM01269	Lipid_DES	0.999999999988061	-1.19392211574975e-11	3	0	0	30	9567
SM01368	RB_A	0.999999999988061	-1.19392211574975e-11	3	0	0	30	9567
SM01151	DUF1518	0.999999999988061	-1.19392211574975e-11	3	0	0	30	9567
SM00482	POLAc	0.999999999988061	-1.19392211574975e-11	3	0	0	30	9567
SM01218	FoP_duplication	0.999999999988061	-1.19392211574975e-11	3	0	0	30	9567
SM01370	TAFII55_N	0.999999999988061	-1.19392211574975e-11	3	0	0	30	9567
SM01299	PIP49_N	0.999999999988061	-1.19392211574975e-11	3	0	0	30	9567
SM00682	G2F	0.999999999988061	-1.19392211574975e-11	3	0	0	30	9567
SM00676	DM10	0.999999999988061	-1.19392211574975e-11	3	0	0	30	9567
SM00235	ZnMc	0.999999999992699	-7.30105748972332e-12	29	0	0	30	9567
SM00110	C1Q	0.999999999992699	-7.30105748972332e-12	29	0	0	30	9567
SM00314	RA	0.999999999992699	-7.30105748972332e-12	29	0	0	30	9567
SM00303	GPS	0.999999999992699	-7.30105748972332e-12	29	0	0	30	9567
SM00451	ZnF_U1	0.999999999992699	-7.30105748972332e-12	29	0	0	30	9567
SM00325	RhoGEF	0.999999999993725	-6.27502291148565e-12	65	0	0	30	9567
SM00069	GLA	0.999999999996875	-3.12512943476762e-12	16	0	0	30	9567
SM00801	dDENN	0.999999999996875	-3.12512943476762e-12	16	0	0	30	9567
SM00702	P4Hc	0.999999999996875	-3.12512943476762e-12	16	0	0	30	9567
SM00285	PBD	0.999999999996875	-3.12512943476762e-12	16	0	0	30	9567
SM00643	C345C	0.999999999996875	-3.12512943476762e-12	16	0	0	30	9567
SM00275	G_alpha	0.999999999996875	-3.12512943476762e-12	16	0	0	30	9567
SM00568	GRAM	0.999999999996875	-3.12512943476762e-12	16	0	0	30	9567
SM00086	PAC	0.999999999996875	-3.12512943476762e-12	16	0	0	30	9567
SM00913	IBN_N	0.999999999996875	-3.12512943476762e-12	16	0	0	30	9567
SM00724	TLC	0.999999999996875	-3.12512943476762e-12	16	0	0	30	9567
SM00137	MAM	0.999999999996875	-3.12512943476762e-12	16	0	0	30	9567
SM00799	DENN	0.999999999996875	-3.12512943476762e-12	16	0	0	30	9567
SM00222	Sec7	0.999999999996875	-3.12512943476762e-12	16	0	0	30	9567
SM00831	Cation_ATPase_N	0.999999999996875	-3.12512943476762e-12	16	0	0	30	9567
SM00207	TNF	0.999999999996875	-3.12512943476762e-12	16	0	0	30	9567
SM00546	CUE	0.999999999996972	-3.02795914540474e-12	7	0	0	30	9567
SM01326	PTEN_C2	0.999999999996972	-3.02795914540474e-12	7	0	0	30	9567
SM00258	SAND	0.999999999996972	-3.02795914540474e-12	7	0	0	30	9567
SM00065	GAF	0.999999999996972	-3.02795914540474e-12	7	0	0	30	9567
SM00692	DM3	0.999999999996972	-3.02795914540474e-12	7	0	0	30	9567
SM00582	RPR	0.999999999996972	-3.02795914540474e-12	7	0	0	30	9567
SM01337	APC10	0.999999999996972	-3.02795914540474e-12	7	0	0	30	9567
SM00964	STAT_int	0.999999999996972	-3.02795914540474e-12	7	0	0	30	9567
SM01388	Mob1_phocein	0.999999999996972	-3.02795914540474e-12	7	0	0	30	9567
SM00243	GAS2	0.999999999996972	-3.02795914540474e-12	7	0	0	30	9567
SM01062	Ca_chan_IQ	0.999999999996972	-3.02795914540474e-12	7	0	0	30	9567
SM01109	CUT	0.999999999996972	-3.02795914540474e-12	7	0	0	30	9567
SM00250	PLEC	0.999999999996972	-3.02795914540474e-12	7	0	0	30	9567
SM00715	LA	0.999999999996972	-3.02795914540474e-12	7	0	0	30	9567
SM00671	SEL1	0.999999999996972	-3.02795914540474e-12	7	0	0	30	9567
SM00201	SO	0.999999999996972	-3.02795914540474e-12	7	0	0	30	9567
SM00509	TFS2N	0.999999999996972	-3.02795914540474e-12	7	0	0	30	9567
SM00301	DM	0.999999999996972	-3.02795914540474e-12	7	0	0	30	9567
SM00053	DYNc	0.999999999996972	-3.02795914540474e-12	7	0	0	30	9567
SM00467	GS	0.999999999996972	-3.02795914540474e-12	7	0	0	30	9567
SM00950	Piwi	0.999999999996972	-3.02795914540474e-12	7	0	0	30	9567
SM00390	GoLoco	0.999999999996972	-3.02795914540474e-12	7	0	0	30	9567
SM01328	zf-3CxxC	0.999999999996972	-3.02795914540474e-12	7	0	0	30	9567
SM01055	Cadherin_pro	0.999999999996972	-3.02795914540474e-12	7	0	0	30	9567
SM00004	NL	0.999999999996972	-3.02795914540474e-12	7	0	0	30	9567
SM00101	14_3_3	0.999999999996972	-3.02795914540474e-12	7	0	0	30	9567
SM00077	ITAM	0.999999999996972	-3.02795914540474e-12	7	0	0	30	9567
SM00455	RBD	0.999999999996972	-3.02795914540474e-12	7	0	0	30	9567
SM00328	BPI1	0.999999999996972	-3.02795914540474e-12	7	0	0	30	9567
SM00384	AT_hook	0.999999999996972	-3.02795914540474e-12	7	0	0	30	9567
SM00396	ZnF_UBR1	0.999999999996972	-3.02795914540474e-12	7	0	0	30	9567
SM00182	CULLIN	0.999999999996972	-3.02795914540474e-12	7	0	0	30	9567
SM00729	Elp3	0.999999999996972	-3.02795914540474e-12	7	0	0	30	9567
SM01243	IRF-3	0.999999999996972	-3.02795914540474e-12	7	0	0	30	9567
SM00730	PSN	0.999999999996972	-3.02795914540474e-12	7	0	0	30	9567
SM00980	THAP	0.999999999996972	-3.02795914540474e-12	7	0	0	30	9567
SM00104	ANATO	0.999999999996972	-3.02795914540474e-12	7	0	0	30	9567
SM00018	PD	0.999999999996972	-3.02795914540474e-12	7	0	0	30	9567
SM00707	RPEL	0.999999999996972	-3.02795914540474e-12	7	0	0	30	9567
SM00468	PreSET	0.999999999996972	-3.02795914540474e-12	7	0	0	30	9567
SM01166	DUF1899	0.999999999996972	-3.02795914540474e-12	7	0	0	30	9567
SM00742	Hr1	0.999999999996972	-3.02795914540474e-12	7	0	0	30	9567
SM00515	eIF5C	0.999999999996972	-3.02795914540474e-12	7	0	0	30	9567
SM00027	EH	0.999999999997713	-2.28683634051046e-12	11	0	0	30	9567
SM00391	MBD	0.999999999997713	-2.28683634051046e-12	11	0	0	30	9567
SM00720	calpain_III	0.999999999997713	-2.28683634051046e-12	11	0	0	30	9567
SM00238	BIR	0.999999999997713	-2.28683634051046e-12	11	0	0	30	9567
SM01330	Frizzled	0.999999999997713	-2.28683634051046e-12	11	0	0	30	9567
SM00276	GLECT	0.999999999997713	-2.28683634051046e-12	11	0	0	30	9567
SM00038	COLFI	0.999999999997713	-2.28683634051046e-12	11	0	0	30	9567
SM00274	FOLN	0.999999999997713	-2.28683634051046e-12	11	0	0	30	9567
SM00461	WH1	0.999999999997713	-2.28683634051046e-12	11	0	0	30	9567
SM00386	HAT	0.999999999997713	-2.28683634051046e-12	11	0	0	30	9567
SM00439	BAH	0.999999999997713	-2.28683634051046e-12	11	0	0	30	9567
SM00115	CASc	0.999999999997713	-2.28683634051046e-12	11	0	0	30	9567
SM00612	Kelch	0.999999999998566	-1.4339899417382e-12	56	0	0	30	9567
SM00338	BRLZ	0.999999999999274	-7.26461929349958e-13	51	0	0	30	9567
SM00361	RRM_1	1.00000000000079	7.87106686803707e-13	25	0	0	30	9567
SM00072	GuKc	1.00000000000079	7.87106686803707e-13	25	0	0	30	9567
SM00333	TUDOR	1.00000000000079	7.87106686803707e-13	25	0	0	30	9567
SM01196	FERM_C	1.00000000000079	7.87106686803707e-13	25	0	0	30	9567
SM00209	TSP1	1.00000000000081	8.12317169866385e-13	63	0	0	30	9567
SM00414	H2A	1.00000000000195	1.94686522380105e-12	28	0	0	30	9567
SM00150	SPEC	1.00000000000195	1.94686522380105e-12	28	0	0	30	9567
SM00093	SERPIN	1.0000000000032	3.2031362679389e-12	62	0	0	30	9567
SM00280	KAZAL	1.00000000000401	4.0084525096174e-12	36	0	0	30	9567
SM00317	SET	1.00000000000401	4.0084525096174e-12	36	0	0	30	9567
SM00005	DEATH	1.00000000000508	5.07586698634836e-12	27	0	0	30	9567
SM00429	IPT	1.00000000000508	5.07586698634836e-12	27	0	0	30	9567
SM01289	PYRIN	1.00000000000508	5.07586698634836e-12	27	0	0	30	9567
SM00119	HECTc	1.00000000000508	5.07586698634836e-12	27	0	0	30	9567
SM00208	TNFR	1.00000000000548	5.47791275091673e-12	23	0	0	30	9567
SM00105	ArfGap	1.00000000000548	5.47791275091673e-12	23	0	0	30	9567
SM00645	Pept_C1	1.00000000000548	5.47791275091673e-12	23	0	0	30	9567
SM00450	RHOD	1.00000000000548	5.47791275091673e-12	23	0	0	30	9567
SM00458	RICIN	1.00000000000548	5.47791275091673e-12	23	0	0	30	9567
SM00471	HDc	1.00000000000548	5.47791275091673e-12	23	0	0	30	9567
SM00092	RNAse_Pc	1.00000000000548	5.47791275091673e-12	23	0	0	30	9567
SM00255	TIR	1.00000000000548	5.47791275091673e-12	23	0	0	30	9567
SM00490	HELICc	1.00000000000553	5.52748329783219e-12	107	0	0	30	9567
SM00474	35EXOc	1.0000000000056	5.59566613821326e-12	4	0	0	30	9567
SM01178	DUF4217	1.0000000000056	5.59566613821326e-12	4	0	0	30	9567
SM00573	HSA	1.0000000000056	5.59566613821326e-12	4	0	0	30	9567
SM01338	NOD	1.0000000000056	5.59566613821326e-12	4	0	0	30	9567
SM00426	TEA	1.0000000000056	5.59566613821326e-12	4	0	0	30	9567
SM00527	HMG17	1.0000000000056	5.59566613821326e-12	4	0	0	30	9567
SM00068	GHB	1.0000000000056	5.59566613821326e-12	4	0	0	30	9567
SM00483	POLXc	1.0000000000056	5.59566613821326e-12	4	0	0	30	9567
SM01392	MAGE_N	1.0000000000056	5.59566613821326e-12	4	0	0	30	9567
SM00520	BASIC	1.0000000000056	5.59566613821326e-12	4	0	0	30	9567
SM00058	FN1	1.0000000000056	5.59566613821326e-12	4	0	0	30	9567
SM01279	Matrilin_ccoil	1.0000000000056	5.59566613821326e-12	4	0	0	30	9567
SM01153	DUF1693	1.0000000000056	5.59566613821326e-12	4	0	0	30	9567
SM00313	PXA	1.0000000000056	5.59566613821326e-12	4	0	0	30	9567
SM00488	DEXDc2	1.0000000000056	5.59566613821326e-12	4	0	0	30	9567
SM00051	DSL	1.0000000000056	5.59566613821326e-12	4	0	0	30	9567
SM00197	SAA	1.0000000000056	5.59566613821326e-12	4	0	0	30	9567
SM00140	NGF	1.0000000000056	5.59566613821326e-12	4	0	0	30	9567
SM00227	NEBU	1.0000000000056	5.59566613821326e-12	4	0	0	30	9567
SM00307	ILWEQ	1.0000000000056	5.59566613821326e-12	4	0	0	30	9567
SM00094	TR_FER	1.0000000000056	5.59566613821326e-12	4	0	0	30	9567
SM00701	PGRP	1.0000000000056	5.59566613821326e-12	4	0	0	30	9567
SM01249	KASH	1.0000000000056	5.59566613821326e-12	4	0	0	30	9567
SM01263	Leuk-A4-hydro_C	1.0000000000056	5.59566613821326e-12	4	0	0	30	9567
SM00025	Pumilio	1.0000000000056	5.59566613821326e-12	4	0	0	30	9567
SM00955	RNB	1.0000000000056	5.59566613821326e-12	4	0	0	30	9567
SM00560	LamGL	1.0000000000056	5.59566613821326e-12	4	0	0	30	9567
SM01277	MAGUK_N_PEST	1.0000000000056	5.59566613821326e-12	4	0	0	30	9567
SM00491	HELICc2	1.0000000000056	5.59566613821326e-12	4	0	0	30	9567
SM00279	HhH2	1.0000000000056	5.59566613821326e-12	4	0	0	30	9567
SM00484	XPGI	1.0000000000056	5.59566613821326e-12	4	0	0	30	9567
SM00476	DNaseIc	1.0000000000056	5.59566613821326e-12	4	0	0	30	9567
SM00098	alkPPc	1.0000000000056	5.59566613821326e-12	4	0	0	30	9567
SM00392	PROF	1.0000000000056	5.59566613821326e-12	4	0	0	30	9567
SM00206	NTR	1.0000000000056	5.59566613821326e-12	4	0	0	30	9567
SM00985	UBA_e1_C	1.0000000000056	5.59566613821326e-12	4	0	0	30	9567
SM00564	PQQ	1.0000000000056	5.59566613821326e-12	4	0	0	30	9567
SM01407	NAC	1.0000000000056	5.59566613821326e-12	4	0	0	30	9567
SM00644	Ami_2	1.0000000000056	5.59566613821326e-12	4	0	0	30	9567
SM00694	DysFC	1.0000000000056	5.59566613821326e-12	4	0	0	30	9567
SM00485	XPGN	1.0000000000056	5.59566613821326e-12	4	0	0	30	9567
SM01020	B2-adapt-app_C	1.0000000000056	5.59566613821326e-12	4	0	0	30	9567
SM00804	TAP_C	1.0000000000056	5.59566613821326e-12	4	0	0	30	9567
SM00734	ZnF_Rad18	1.0000000000056	5.59566613821326e-12	4	0	0	30	9567
SM00737	ML	1.0000000000056	5.59566613821326e-12	4	0	0	30	9567
SM00693	DysFN	1.0000000000056	5.59566613821326e-12	4	0	0	30	9567
SM01340	DNA_mis_repair	1.0000000000056	5.59566613821326e-12	4	0	0	30	9567
SM00679	CTNS	1.0000000000056	5.59566613821326e-12	4	0	0	30	9567
SM00920	MHC_II_alpha	1.0000000000056	5.59566613821326e-12	4	0	0	30	9567
SM01007	Aldolase_II	1.0000000000056	5.59566613821326e-12	4	0	0	30	9567
SM01398	Cornichon	1.0000000000056	5.59566613821326e-12	4	0	0	30	9567
SM00973	Sec63	1.0000000000056	5.59566613821326e-12	4	0	0	30	9567
SM00723	AMOP	1.0000000000056	5.59566613821326e-12	4	0	0	30	9567
SM00755	Grip	1.0000000000056	5.59566613821326e-12	4	0	0	30	9567
SM01046	c-SKI_SMAD_bind	1.0000000000056	5.59566613821326e-12	4	0	0	30	9567
SM01027	Beta-Casp	1.0000000000056	5.59566613821326e-12	4	0	0	30	9567
SM01339	NODP	1.0000000000056	5.59566613821326e-12	4	0	0	30	9567
SM00428	H3	1.0000000000056	5.59566613821326e-12	4	0	0	30	9567
SM00889	EFG_IV	1.0000000000056	5.59566613821326e-12	4	0	0	30	9567
SM01193	Enolase_N	1.0000000000056	5.59566613821326e-12	4	0	0	30	9567
SM01053	CaMBD	1.0000000000056	5.59566613821326e-12	4	0	0	30	9567
SM01192	Enolase_C	1.0000000000056	5.59566613821326e-12	4	0	0	30	9567
SM01375	Dynein_light	1.0000000000056	5.59566613821326e-12	4	0	0	30	9567
SM01225	G8	1.0000000000056	5.59566613821326e-12	4	0	0	30	9567
SM00554	FAS1	1.0000000000056	5.59566613821326e-12	4	0	0	30	9567
SM00486	POLBc	1.0000000000056	5.59566613821326e-12	4	0	0	30	9567
SM00382	AAA	1.0000000000061	6.10062722788288e-12	137	0	0	30	9567
SM00430	HOLI	1.00000000000822	8.21948114891058e-12	49	0	0	30	9567
SM00271	DnaJ	1.00000000000828	8.28156931511366e-12	48	0	0	30	9567
SM00324	RhoGAP	1.00000000000855	8.55377760397884e-12	64	0	0	30	9567
SM00033	CH	1.00000000000855	8.55377760397884e-12	64	0	0	30	9567
SM00042	CUB	1.00000000000872	8.72070106302315e-12	50	0	0	30	9567
SM00350	MCM	1.00000000000946	9.4625537145148e-12	9	0	0	30	9567
SM00348	IRF	1.00000000000946	9.4625537145148e-12	9	0	0	30	9567
SM01360	A2M	1.00000000000946	9.4625537145148e-12	9	0	0	30	9567
SM00288	VHS	1.00000000000946	9.4625537145148e-12	9	0	0	30	9567
SM01359	A2M_N_2	1.00000000000946	9.4625537145148e-12	9	0	0	30	9567
SM00316	S1	1.00000000000946	9.4625537145148e-12	9	0	0	30	9567
SM00545	JmjN	1.00000000000946	9.4625537145148e-12	9	0	0	30	9567
SM01026	Beach	1.00000000000946	9.4625537145148e-12	9	0	0	30	9567
SM01140	Drf_GBD	1.00000000000946	9.4625537145148e-12	9	0	0	30	9567
SM00561	MBT	1.00000000000946	9.4625537145148e-12	9	0	0	30	9567
SM00849	Lactamase_B	1.00000000000946	9.4625537145148e-12	9	0	0	30	9567
SM00351	PAX	1.00000000000946	9.4625537145148e-12	9	0	0	30	9567
SM01139	Drf_FH3	1.00000000000946	9.4625537145148e-12	9	0	0	30	9567
SM01361	A2M_recep	1.00000000000946	9.4625537145148e-12	9	0	0	30	9567
SM00078	IlGF	1.00000000000946	9.4625537145148e-12	9	0	0	30	9567
SM00674	CENPB	1.00000000000946	9.4625537145148e-12	9	0	0	30	9567
SM00263	LYZ1	1.00000000000946	9.4625537145148e-12	9	0	0	30	9567
SM00537	DCX	1.00000000000946	9.4625537145148e-12	9	0	0	30	9567
SM00636	Glyco_18	1.00000000000946	9.4625537145148e-12	9	0	0	30	9567
SM00855	PGAM	1.00000000000946	9.4625537145148e-12	9	0	0	30	9567
SM00141	PDGF	1.00000000000946	9.4625537145148e-12	9	0	0	30	9567
SM01349	TOG	1.00000000000946	9.4625537145148e-12	9	0	0	30	9567
SM00652	eIF1a	1.00000000000946	9.4625537145148e-12	9	0	0	30	9567
SM00387	HATPase_c	1.00000000000946	9.4625537145148e-12	9	0	0	30	9567
SM00187	INB	1.00000000000946	9.4625537145148e-12	9	0	0	30	9567
SM00114	CARD	1.00000000000946	9.4625537145148e-12	9	0	0	30	9567
SM00218	ZU5	1.00000000000946	9.4625537145148e-12	9	0	0	30	9567
SM00727	STI1	1.00000000000946	9.4625537145148e-12	9	0	0	30	9567
SM00393	R3H	1.00000000000946	9.4625537145148e-12	9	0	0	30	9567
SM00085	PA2c	1.00000000000946	9.4625537145148e-12	9	0	0	30	9567
SM00273	ENTH	1.00000000000946	9.4625537145148e-12	9	0	0	30	9567
SM00668	CTLH	1.00000000000946	9.4625537145148e-12	9	0	0	30	9567
SM00809	Alpha_adaptinC2	1.00000000000946	9.4625537145148e-12	9	0	0	30	9567
SM00456	WW	1.00000000000961	9.60579869226718e-12	47	0	0	30	9567
SM00295	B41	1.00000000000961	9.60579869226718e-12	47	0	0	30	9567
SM00356	ZnF_C3H1	1.00000000000961	9.60579869226718e-12	47	0	0	30	9567
SM00399	ZnF_C4	1.00000000000961	9.60579869226718e-12	47	0	0	30	9567
SM00946	ProRS-C_1	1.00000000001054	1.05380305176483e-11	1	0	0	30	9567
SM00802	UME	1.00000000001054	1.05380305176483e-11	1	0	0	30	9567
SM00762	Cog4	1.00000000001054	1.05380305176483e-11	1	0	0	30	9567
SM01384	Ribosomal_L15e	1.00000000001054	1.05380305176483e-11	1	0	0	30	9567
SM00944	Pro-kuma_activ	1.00000000001054	1.05380305176483e-11	1	0	0	30	9567
SM01341	Tower	1.00000000001054	1.05380305176483e-11	1	0	0	30	9567
SM00684	DM15	1.00000000001054	1.05380305176483e-11	1	0	0	30	9567
SM01377	Ribosomal_L40e	1.00000000001054	1.05380305176483e-11	1	0	0	30	9567
SM01148	DUF1220	1.00000000001054	1.05380305176483e-11	1	0	0	30	9567
SM01306	RFX5_DNA_bdg	1.00000000001054	1.05380305176483e-11	1	0	0	30	9567
SM00990	VRR_NUC	1.00000000001054	1.05380305176483e-11	1	0	0	30	9567
SM01183	EF1G	1.00000000001054	1.05380305176483e-11	1	0	0	30	9567
SM00586	ZnF_DBF	1.00000000001054	1.05380305176483e-11	1	0	0	30	9567
SM01036	BP28CT	1.00000000001054	1.05380305176483e-11	1	0	0	30	9567
SM01075	CDT1	1.00000000001054	1.05380305176483e-11	1	0	0	30	9567
SM01406	PAPA-1	1.00000000001054	1.05380305176483e-11	1	0	0	30	9567
SM00659	RPOLCX	1.00000000001054	1.05380305176483e-11	1	0	0	30	9567
SM01310	RICTOR_V	1.00000000001054	1.05380305176483e-11	1	0	0	30	9567
SM01364	NPP	1.00000000001054	1.05380305176483e-11	1	0	0	30	9567
SM01001	AIRC	1.00000000001054	1.05380305176483e-11	1	0	0	30	9567
SM01016	Arg_tRNA_synt_N	1.00000000001054	1.05380305176483e-11	1	0	0	30	9567
SM01044	Btz	1.00000000001054	1.05380305176483e-11	1	0	0	30	9567
SM01102	CRM1_C	1.00000000001054	1.05380305176483e-11	1	0	0	30	9567
SM01219	Frataxin_Cyay	1.00000000001054	1.05380305176483e-11	1	0	0	30	9567
SM00805	AGTRAP	1.00000000001054	1.05380305176483e-11	1	0	0	30	9567
SM01152	DUF167	1.00000000001054	1.05380305176483e-11	1	0	0	30	9567
SM00521	CBF	1.00000000001054	1.05380305176483e-11	1	0	0	30	9567
SM01386	Ribosomal_S13_N	1.00000000001054	1.05380305176483e-11	1	0	0	30	9567
SM00245	TSPc	1.00000000001054	1.05380305176483e-11	1	0	0	30	9567
SM01136	DKCLD	1.00000000001054	1.05380305176483e-11	1	0	0	30	9567
SM00748	HEPN	1.00000000001054	1.05380305176483e-11	1	0	0	30	9567
SM01261	Thymopoietin	1.00000000001054	1.05380305176483e-11	1	0	0	30	9567
SM01220	FSA_C	1.00000000001054	1.05380305176483e-11	1	0	0	30	9567
SM01347	Mre11_DNA_bind	1.00000000001054	1.05380305176483e-11	1	0	0	30	9567
SM01295	K167R	1.00000000001054	1.05380305176483e-11	1	0	0	30	9567
SM00254	ShKT	1.00000000001054	1.05380305176483e-11	1	0	0	30	9567
SM00683	DM16	1.00000000001054	1.05380305176483e-11	1	0	0	30	9567
SM01047	C1_4	1.00000000001054	1.05380305176483e-11	1	0	0	30	9567
SM01024	BCS1_N	1.00000000001054	1.05380305176483e-11	1	0	0	30	9567
SM00904	Flavokinase	1.00000000001054	1.05380305176483e-11	1	0	0	30	9567
SM00818	Amelogenin	1.00000000001054	1.05380305176483e-11	1	0	0	30	9567
SM00986	UDG	1.00000000001054	1.05380305176483e-11	1	0	0	30	9567
SM01071	CDC37_N	1.00000000001054	1.05380305176483e-11	1	0	0	30	9567
SM01087	COG6	1.00000000001054	1.05380305176483e-11	1	0	0	30	9567
SM00845	GatB_Yqey	1.00000000001054	1.05380305176483e-11	1	0	0	30	9567
SM00798	AICARFT_IMPCHas	1.00000000001054	1.05380305176483e-11	1	0	0	30	9567
SM00709	Zpr1	1.00000000001054	1.05380305176483e-11	1	0	0	30	9567
SM01223	FTO_NTD	1.00000000001054	1.05380305176483e-11	1	0	0	30	9567
SM00127	IL7	1.00000000001054	1.05380305176483e-11	1	0	0	30	9567
SM01168	DUF1907	1.00000000001054	1.05380305176483e-11	1	0	0	30	9567
SM01214	Fmp27_GFWDK	1.00000000001054	1.05380305176483e-11	1	0	0	30	9567
SM00071	Galanin	1.00000000001054	1.05380305176483e-11	1	0	0	30	9567
SM01286	SPT16	1.00000000001054	1.05380305176483e-11	1	0	0	30	9567
SM01035	BOP1NT	1.00000000001054	1.05380305176483e-11	1	0	0	30	9567
SM00839	ELFV_dehydrog	1.00000000001054	1.05380305176483e-11	1	0	0	30	9567
SM00567	EZ_HEAT	1.00000000001054	1.05380305176483e-11	1	0	0	30	9567
SM01077	Cg6151-P	1.00000000001054	1.05380305176483e-11	1	0	0	30	9567
SM00463	SMR	1.00000000001054	1.05380305176483e-11	1	0	0	30	9567
SM01397	Ribosomal_S3Ae	1.00000000001054	1.05380305176483e-11	1	0	0	30	9567
SM01098	CPSF73-100_C	1.00000000001054	1.05380305176483e-11	1	0	0	30	9567
SM01308	RICTOR_N	1.00000000001054	1.05380305176483e-11	1	0	0	30	9567
SM00780	PIG-X	1.00000000001054	1.05380305176483e-11	1	0	0	30	9567
SM00465	GIYc	1.00000000001054	1.05380305176483e-11	1	0	0	30	9567
SM01280	Mcm10	1.00000000001054	1.05380305176483e-11	1	0	0	30	9567
SM00870	Asparaginase	1.00000000001054	1.05380305176483e-11	1	0	0	30	9567
SM00743	Agenet	1.00000000001054	1.05380305176483e-11	1	0	0	30	9567
SM00703	NRF	1.00000000001054	1.05380305176483e-11	1	0	0	30	9567
SM00026	EPEND	1.00000000001054	1.05380305176483e-11	1	0	0	30	9567
SM01155	DUF1713	1.00000000001054	1.05380305176483e-11	1	0	0	30	9567
SM01123	DBP10CT	1.00000000001054	1.05380305176483e-11	1	0	0	30	9567
SM01221	FTCD	1.00000000001054	1.05380305176483e-11	1	0	0	30	9567
SM01393	Ribosomal_L32e	1.00000000001054	1.05380305176483e-11	1	0	0	30	9567
SM01135	DIRP	1.00000000001054	1.05380305176483e-11	1	0	0	30	9567
SM00189	IL2	1.00000000001054	1.05380305176483e-11	1	0	0	30	9567
SM01385	DSS1_SEM1	1.00000000001054	1.05380305176483e-11	1	0	0	30	9567
SM00823	PKS_PP	1.00000000001054	1.05380305176483e-11	1	0	0	30	9567
SM00318	SNc	1.00000000001054	1.05380305176483e-11	1	0	0	30	9567
SM01082	CHZ	1.00000000001054	1.05380305176483e-11	1	0	0	30	9567
SM01030	BHD_1	1.00000000001054	1.05380305176483e-11	1	0	0	30	9567
SM00731	SprT	1.00000000001054	1.05380305176483e-11	1	0	0	30	9567
SM01413	Ribosomal_S19e	1.00000000001054	1.05380305176483e-11	1	0	0	30	9567
SM01379	GAGE	1.00000000001054	1.05380305176483e-11	1	0	0	30	9567
SM01186	eIF3_N	1.00000000001054	1.05380305176483e-11	1	0	0	30	9567
SM01169	DUF1943	1.00000000001054	1.05380305176483e-11	1	0	0	30	9567
SM01363	ACTH_domain	1.00000000001054	1.05380305176483e-11	1	0	0	30	9567
SM00929	NADH-G_4Fe-4S_3	1.00000000001054	1.05380305176483e-11	1	0	0	30	9567
SM01396	BC10	1.00000000001054	1.05380305176483e-11	1	0	0	30	9567
SM00157	PRP	1.00000000001054	1.05380305176483e-11	1	0	0	30	9567
SM00784	SPT2	1.00000000001054	1.05380305176483e-11	1	0	0	30	9567
SM00898	Fapy_DNA_glyco	1.00000000001054	1.05380305176483e-11	1	0	0	30	9567
SM01311	RPOL_N	1.00000000001054	1.05380305176483e-11	1	0	0	30	9567
SM00613	PAW	1.00000000001054	1.05380305176483e-11	1	0	0	30	9567
SM01307	RICTOR_M	1.00000000001054	1.05380305176483e-11	1	0	0	30	9567
SM01346	DUF3385	1.00000000001054	1.05380305176483e-11	1	0	0	30	9567
SM01032	BHD_3	1.00000000001054	1.05380305176483e-11	1	0	0	30	9567
SM00530	HTH_XRE	1.00000000001054	1.05380305176483e-11	1	0	0	30	9567
SM01356	AP4E_app_platf	1.00000000001054	1.05380305176483e-11	1	0	0	30	9567
SM01365	Op_neuropeptide	1.00000000001054	1.05380305176483e-11	1	0	0	30	9567
SM00040	CSF2	1.00000000001054	1.05380305176483e-11	1	0	0	30	9567
SM01262	LAMTOR	1.00000000001054	1.05380305176483e-11	1	0	0	30	9567
SM00507	HNHc	1.00000000001054	1.05380305176483e-11	1	0	0	30	9567
SM00928	NADH_4Fe-4S	1.00000000001054	1.05380305176483e-11	1	0	0	30	9567
SM00017	OSTEO	1.00000000001054	1.05380305176483e-11	1	0	0	30	9567
SM00817	Amelin	1.00000000001054	1.05380305176483e-11	1	0	0	30	9567
SM01181	E2_bind	1.00000000001054	1.05380305176483e-11	1	0	0	30	9567
SM01309	RICTOR_phospho	1.00000000001054	1.05380305176483e-11	1	0	0	30	9567
SM00538	POP4	1.00000000001054	1.05380305176483e-11	1	0	0	30	9567
SM01380	Ribosomal_L31e	1.00000000001054	1.05380305176483e-11	1	0	0	30	9567
SM01335	PADR1	1.00000000001054	1.05380305176483e-11	1	0	0	30	9567
SM01120	Dak2	1.00000000001054	1.05380305176483e-11	1	0	0	30	9567
SM00084	NMU	1.00000000001054	1.05380305176483e-11	1	0	0	30	9567
SM00874	B5	1.00000000001054	1.05380305176483e-11	1	0	0	30	9567
SM01395	Tbf5	1.00000000001054	1.05380305176483e-11	1	0	0	30	9567
SM01159	DUF1744	1.00000000001054	1.05380305176483e-11	1	0	0	30	9567
SM01162	DUF1771	1.00000000001054	1.05380305176483e-11	1	0	0	30	9567
SM01402	Ribosomal_S27	1.00000000001054	1.05380305176483e-11	1	0	0	30	9567
SM00910	HIRAN	1.00000000001054	1.05380305176483e-11	1	0	0	30	9567
SM01348	Nbs1_C	1.00000000001054	1.05380305176483e-11	1	0	0	30	9567
SM01352	APCDDC	1.00000000001054	1.05380305176483e-11	1	0	0	30	9567
SM00754	CHRD	1.00000000001054	1.05380305176483e-11	1	0	0	30	9567
SM00995	AD	1.00000000001054	1.05380305176483e-11	1	0	0	30	9567
SM01409	RNA_pol_Rpb6	1.00000000001054	1.05380305176483e-11	1	0	0	30	9567
SM01191	ENT	1.00000000001054	1.05380305176483e-11	1	0	0	30	9567
SM01125	DCP2	1.00000000001054	1.05380305176483e-11	1	0	0	30	9567
SM01018	B12-binding_2	1.00000000001054	1.05380305176483e-11	1	0	0	30	9567
SM01173	DUF4187	1.00000000001054	1.05380305176483e-11	1	0	0	30	9567
SM00859	Semialdhyde_dh	1.00000000001054	1.05380305176483e-11	1	0	0	30	9567
SM00035	CLa	1.00000000001054	1.05380305176483e-11	1	0	0	30	9567
SM01254	KLRAQ	1.00000000001054	1.05380305176483e-11	1	0	0	30	9567
SM00858	SAF	1.00000000001054	1.05380305176483e-11	1	0	0	30	9567
SM00975	Telomerase_RBD	1.00000000001054	1.05380305176483e-11	1	0	0	30	9567
SM01069	CDC37_C	1.00000000001054	1.05380305176483e-11	1	0	0	30	9567
SM01033	BING4CT	1.00000000001054	1.05380305176483e-11	1	0	0	30	9567
SM01118	CYTH	1.00000000001054	1.05380305176483e-11	1	0	0	30	9567
SM00934	OMPdecase	1.00000000001054	1.05380305176483e-11	1	0	0	30	9567
SM00826	PKS_DH	1.00000000001054	1.05380305176483e-11	1	0	0	30	9567
SM00067	GHA	1.00000000001054	1.05380305176483e-11	1	0	0	30	9567
SM01158	DUF1741	1.00000000001054	1.05380305176483e-11	1	0	0	30	9567
SM00030	CLb	1.00000000001054	1.05380305176483e-11	1	0	0	30	9567
SM00019	SF_P	1.00000000001054	1.05380305176483e-11	1	0	0	30	9567
SM00023	COLIPASE	1.00000000001054	1.05380305176483e-11	1	0	0	30	9567
SM01124	DBR1	1.00000000001054	1.05380305176483e-11	1	0	0	30	9567
SM00752	HTTM	1.00000000001054	1.05380305176483e-11	1	0	0	30	9567
SM01416	Ribosomal_L19e	1.00000000001054	1.05380305176483e-11	1	0	0	30	9567
SM01344	NUC194	1.00000000001054	1.05380305176483e-11	1	0	0	30	9567
SM01278	MAPKK1_Int	1.00000000001054	1.05380305176483e-11	1	0	0	30	9567
SM01013	APC2	1.00000000001054	1.05380305176483e-11	1	0	0	30	9567
SM00998	ADSL_C	1.00000000001054	1.05380305176483e-11	1	0	0	30	9567
SM00719	Plus3	1.00000000001054	1.05380305176483e-11	1	0	0	30	9567
SM00226	LMWPc	1.00000000001054	1.05380305176483e-11	1	0	0	30	9567
SM01180	DWNN	1.00000000001054	1.05380305176483e-11	1	0	0	30	9567
SM01342	TAN	1.00000000001054	1.05380305176483e-11	1	0	0	30	9567
SM01378	Romo1	1.00000000001054	1.05380305176483e-11	1	0	0	30	9567
SM00984	UDPG_MGDP_dh_C	1.00000000001054	1.05380305176483e-11	1	0	0	30	9567
SM01060	Catalase	1.00000000001054	1.05380305176483e-11	1	0	0	30	9567
SM01350	6PGD	1.00000000001054	1.05380305176483e-11	1	0	0	30	9567
SM01285	FACT-Spt16_Nlob	1.00000000001054	1.05380305176483e-11	1	0	0	30	9567
SM00932	Nfu_N	1.00000000001054	1.05380305176483e-11	1	0	0	30	9567
SM00417	H4	1.00000000001054	1.05380305176483e-11	1	0	0	30	9567
SM00203	TK	1.00000000001054	1.05380305176483e-11	1	0	0	30	9567
SM00941	PYNP_C	1.00000000001054	1.05380305176483e-11	1	0	0	30	9567
SM01156	DUF1716	1.00000000001054	1.05380305176483e-11	1	0	0	30	9567
SM00470	ParB	1.00000000001054	1.05380305176483e-11	1	0	0	30	9567
SM01253	Kin17_mid	1.00000000001054	1.05380305176483e-11	1	0	0	30	9567
SM01264	M16C_associated	1.00000000001054	1.05380305176483e-11	1	0	0	30	9567
SM01204	FIST_C	1.00000000001054	1.05380305176483e-11	1	0	0	30	9567
SM01031	BHD_2	1.00000000001054	1.05380305176483e-11	1	0	0	30	9567
SM00738	NGN	1.00000000001054	1.05380305176483e-11	1	0	0	30	9567
SM00658	RPOL8c	1.00000000001054	1.05380305176483e-11	1	0	0	30	9567
SM01414	P68HR	1.00000000001054	1.05380305176483e-11	1	0	0	30	9567
SM01085	CK_II_beta	1.00000000001054	1.05380305176483e-11	1	0	0	30	9567
SM01128	DDRGK	1.00000000001054	1.05380305176483e-11	1	0	0	30	9567
SM01210	GARS_C	1.00000000001054	1.05380305176483e-11	1	0	0	30	9567
SM01302	Raptor_N	1.00000000001054	1.05380305176483e-11	1	0	0	30	9567
SM01273	Mago-bind	1.00000000001054	1.05380305176483e-11	1	0	0	30	9567
SM01405	Ribosomal_S6e	1.00000000001054	1.05380305176483e-11	1	0	0	30	9567
SM00277	GRAN	1.00000000001054	1.05380305176483e-11	1	0	0	30	9567
SM01296	N2227	1.00000000001054	1.05380305176483e-11	1	0	0	30	9567
SM00883	Cpn10	1.00000000001054	1.05380305176483e-11	1	0	0	30	9567
SM01222	FTCD_N	1.00000000001054	1.05380305176483e-11	1	0	0	30	9567
SM00983	TPK_B1_binding	1.00000000001054	1.05380305176483e-11	1	0	0	30	9567
SM00654	eIF6	1.00000000001054	1.05380305176483e-11	1	0	0	30	9567
SM01004	ALAD	1.00000000001054	1.05380305176483e-11	1	0	0	30	9567
SM01133	DeoC	1.00000000001054	1.05380305176483e-11	1	0	0	30	9567
SM01284	ECSIT_Cterm	1.00000000001054	1.05380305176483e-11	1	0	0	30	9567
SM00014	acidPPc	1.00000000001083	1.08269210483266e-11	18	0	0	30	9567
SM00865	Tubulin_C	1.00000000001083	1.08269210483266e-11	18	0	0	30	9567
SM00847	HA2	1.00000000001083	1.08269210483266e-11	18	0	0	30	9567
SM00291	ZnF_ZZ	1.00000000001083	1.08269210483266e-11	18	0	0	30	9567
SM00079	PBPe	1.00000000001083	1.08269210483266e-11	18	0	0	30	9567
SM00918	Lig_chan-Glu_bd	1.00000000001083	1.08269210483266e-11	18	0	0	30	9567
SM01057	Carb_anhydrase	1.00000000001083	1.08269210483266e-11	18	0	0	30	9567
SM00308	LH2	1.00000000001083	1.08269210483266e-11	18	0	0	30	9567
SM00593	RUN	1.00000000001083	1.08269210483266e-11	18	0	0	30	9567
SM00148	PLCXc	1.00000000001083	1.08269210483266e-11	18	0	0	30	9567
SM00358	DSRM	1.00000000001083	1.08269210483266e-11	18	0	0	30	9567
SM00008	HormR	1.00000000001091	1.09067161785672e-11	24	0	0	30	9567
SM00120	HX	1.00000000001091	1.09067161785672e-11	24	0	0	30	9567
SM00076	IFabd	1.00000000001091	1.09067161785672e-11	24	0	0	30	9567
SM00516	SEC14	1.00000000001091	1.09067161785672e-11	24	0	0	30	9567
SM00091	PAS	1.00000000001091	1.09067161785672e-11	24	0	0	30	9567
SM01394	S_100	1.00000000001091	1.09067161785672e-11	24	0	0	30	9567
SM01411	Ephrin_rec_like	1.00000000001091	1.09067161785672e-11	24	0	0	30	9567
SM00630	Sema	1.00000000001138	1.13801322513008e-11	31	0	0	30	9567
SM00100	cNMP	1.00000000001138	1.13801322513008e-11	31	0	0	30	9567
SM00165	UBA	1.00000000001138	1.13801322513008e-11	31	0	0	30	9567
SM00508	PostSET	1.00000000001168	1.16826529360574e-11	12	0	0	30	9567
SM00523	DWA	1.00000000001168	1.16826529360574e-11	12	0	0	30	9567
SM00159	PTX	1.00000000001168	1.16826529360574e-11	12	0	0	30	9567
SM00908	Gal-bind_lectin	1.00000000001168	1.16826529360574e-11	12	0	0	30	9567
SM01265	Mab-21	1.00000000001168	1.16826529360574e-11	12	0	0	30	9567
SM00335	ANX	1.00000000001168	1.16826529360574e-11	12	0	0	30	9567
SM00290	ZnF_UBP	1.00000000001168	1.16826529360574e-11	12	0	0	30	9567
SM00244	PHB	1.00000000001168	1.16826529360574e-11	12	0	0	30	9567
SM00232	JAB_MPN	1.00000000001168	1.16826529360574e-11	12	0	0	30	9567
SM00116	CBS	1.00000000001168	1.16826529360574e-11	12	0	0	30	9567
SM00246	WH2	1.00000000001168	1.16826529360574e-11	12	0	0	30	9567
SM00401	ZnF_GATA	1.00000000001168	1.16826529360574e-11	12	0	0	30	9567
SM00423	PSI	1.00000000001195	1.19548660857983e-11	40	0	0	30	9567
SM00282	LamG	1.00000000001195	1.19548660857983e-11	40	0	0	30	9567
SM00462	PTB	1.00000000001195	1.19548660857983e-11	40	0	0	30	9567
SM00214	VWC	1.00000000001197	1.19683607347614e-11	34	0	0	30	9567
SM00589	PRY	1.00000000001197	1.19683607347614e-11	34	0	0	30	9567
SM00315	RGS	1.00000000001197	1.19683607347614e-11	34	0	0	30	9567
SM00195	DSPc	1.00000000001213	1.21278213805464e-11	35	0	0	30	9567
SM00969	SOCS_box	1.00000000001213	1.21278213805464e-11	35	0	0	30	9567
SM00180	EGF_Lam	1.00000000001213	1.21278213805464e-11	35	0	0	30	9567
SM00204	TGFB	1.00000000001213	1.21278213805464e-11	35	0	0	30	9567
SM00199	SCY	1.00000000001213	1.21278213805464e-11	35	0	0	30	9567
SM00262	GEL	1.00000000001217	1.21735923490833e-11	8	0	0	30	9567
SM00504	Ubox	1.00000000001217	1.21735923490833e-11	8	0	0	30	9567
SM00511	ORANGE	1.00000000001217	1.21735923490833e-11	8	0	0	30	9567
SM00099	btg1	1.00000000001217	1.21735923490833e-11	8	0	0	30	9567
SM01025	BEN	1.00000000001217	1.21735923490833e-11	8	0	0	30	9567
SM00167	VPS9	1.00000000001217	1.21735923490833e-11	8	0	0	30	9567
SM00861	Transket_pyr	1.00000000001217	1.21735923490833e-11	8	0	0	30	9567
SM00524	DWB	1.00000000001217	1.21735923490833e-11	8	0	0	30	9567
SM00562	NDK	1.00000000001217	1.21735923490833e-11	8	0	0	30	9567
SM00107	BTK	1.00000000001217	1.21735923490833e-11	8	0	0	30	9567
SM00281	LamB	1.00000000001217	1.21735923490833e-11	8	0	0	30	9567
SM00884	Cullin_Nedd8	1.00000000001217	1.21735923490833e-11	8	0	0	30	9567
SM00139	MyTH4	1.00000000001217	1.21735923490833e-11	8	0	0	30	9567
SM00746	TRASH	1.00000000001217	1.21735923490833e-11	8	0	0	30	9567
SM01412	Pro-rich	1.00000000001217	1.21735923490833e-11	8	0	0	30	9567
SM00153	VHP	1.00000000001217	1.21735923490833e-11	8	0	0	30	9567
SM00948	Proteasome_A_N	1.00000000001217	1.21735923490833e-11	8	0	0	30	9567
SM00506	A1pp	1.00000000001217	1.21735923490833e-11	8	0	0	30	9567
SM00503	SynN	1.00000000001217	1.21735923490833e-11	8	0	0	30	9567
SM00577	CPDc	1.00000000001217	1.21735923490833e-11	8	0	0	30	9567
SM00357	CSP	1.00000000001217	1.21735923490833e-11	8	0	0	30	9567
SM00200	SEA	1.00000000001217	1.21735923490833e-11	8	0	0	30	9567
SM00557	IG_FLMN	1.00000000001217	1.21735923490833e-11	8	0	0	30	9567
SM00329	BPI2	1.00000000001217	1.21735923490833e-11	8	0	0	30	9567
SM01242	Integrin_B_tail	1.00000000001217	1.21735923490833e-11	8	0	0	30	9567
SM00166	UBX	1.00000000001217	1.21735923490833e-11	8	0	0	30	9567
SM00330	PIPKc	1.00000000001217	1.21735923490833e-11	8	0	0	30	9567
SM00237	Calx_beta	1.00000000001217	1.21735923490833e-11	8	0	0	30	9567
SM00154	ZnF_AN1	1.00000000001217	1.21735923490833e-11	8	0	0	30	9567
SM00949	PAZ	1.00000000001217	1.21735923490833e-11	8	0	0	30	9567
SM00550	Zalpha	1.00000000001264	1.26374535412455e-11	2	0	0	30	9567
SM00761	HDAC_interact	1.00000000001264	1.26374535412455e-11	2	0	0	30	9567
SM01287	Rtt106	1.00000000001264	1.26374535412455e-11	2	0	0	30	9567
SM00732	YqgFc	1.00000000001264	1.26374535412455e-11	2	0	0	30	9567
SM01182	EF-1_beta_acid	1.00000000001264	1.26374535412455e-11	2	0	0	30	9567
SM01319	Tankyrase_bdg_C	1.00000000001264	1.26374535412455e-11	2	0	0	30	9567
SM01003	AlaDh_PNT_N	1.00000000001264	1.26374535412455e-11	2	0	0	30	9567
SM00807	AKAP_110	1.00000000001264	1.26374535412455e-11	2	0	0	30	9567
SM00852	MoCF_biosynth	1.00000000001264	1.26374535412455e-11	2	0	0	30	9567
SM00937	PCRF	1.00000000001264	1.26374535412455e-11	2	0	0	30	9567
SM01074	Cdc6_C	1.00000000001264	1.26374535412455e-11	2	0	0	30	9567
SM00756	VKc	1.00000000001264	1.26374535412455e-11	2	0	0	30	9567
SM00299	CLH	1.00000000001264	1.26374535412455e-11	2	0	0	30	9567
SM01023	BAF	1.00000000001264	1.26374535412455e-11	2	0	0	30	9567
SM00846	Gp_dh_N	1.00000000001264	1.26374535412455e-11	2	0	0	30	9567
SM01028	Beta-TrCP_D	1.00000000001264	1.26374535412455e-11	2	0	0	30	9567
SM00003	NH	1.00000000001264	1.26374535412455e-11	2	0	0	30	9567
SM00653	eIF2B_5	1.00000000001264	1.26374535412455e-11	2	0	0	30	9567
SM00888	EF1_GNE	1.00000000001264	1.26374535412455e-11	2	0	0	30	9567
SM00512	Skp1	1.00000000001264	1.26374535412455e-11	2	0	0	30	9567
SM01390	Ribosomal_S4	1.00000000001264	1.26374535412455e-11	2	0	0	30	9567
SM00902	Fe_hyd_SSU	1.00000000001264	1.26374535412455e-11	2	0	0	30	9567
SM00978	Tim44	1.00000000001264	1.26374535412455e-11	2	0	0	30	9567
SM00635	BID_2	1.00000000001264	1.26374535412455e-11	2	0	0	30	9567
SM00434	TOP4c	1.00000000001264	1.26374535412455e-11	2	0	0	30	9567
SM00825	PKS_KS	1.00000000001264	1.26374535412455e-11	2	0	0	30	9567
SM01174	DUF4205	1.00000000001264	1.26374535412455e-11	2	0	0	30	9567
SM00095	TR_THY	1.00000000001264	1.26374535412455e-11	2	0	0	30	9567
SM01154	DUF1704	1.00000000001264	1.26374535412455e-11	2	0	0	30	9567
SM00896	FDX-ACB	1.00000000001264	1.26374535412455e-11	2	0	0	30	9567
SM01268	BTD	1.00000000001264	1.26374535412455e-11	2	0	0	30	9567
SM00436	TOP1Bc	1.00000000001264	1.26374535412455e-11	2	0	0	30	9567
SM00535	RIBOc	1.00000000001264	1.26374535412455e-11	2	0	0	30	9567
SM01144	DTW	1.00000000001264	1.26374535412455e-11	2	0	0	30	9567
SM00193	PTN	1.00000000001264	1.26374535412455e-11	2	0	0	30	9567
SM00777	Mad3_BUB1_I	1.00000000001264	1.26374535412455e-11	2	0	0	30	9567
SM01292	N1221	1.00000000001264	1.26374535412455e-11	2	0	0	30	9567
SM00881	CoA_binding	1.00000000001264	1.26374535412455e-11	2	0	0	30	9567
SM01376	eIF-5a	1.00000000001264	1.26374535412455e-11	2	0	0	30	9567
SM01141	DRY_EERY	1.00000000001264	1.26374535412455e-11	2	0	0	30	9567
SM01371	TFIIA	1.00000000001264	1.26374535412455e-11	2	0	0	30	9567
SM01096	CPSase_L_D3	1.00000000001264	1.26374535412455e-11	2	0	0	30	9567
SM01011	AMP_N	1.00000000001264	1.26374535412455e-11	2	0	0	30	9567
SM01229	GluR_Homer-bdg	1.00000000001264	1.26374535412455e-11	2	0	0	30	9567
SM01115	cwf21	1.00000000001264	1.26374535412455e-11	2	0	0	30	9567
SM00559	Ku78	1.00000000001264	1.26374535412455e-11	2	0	0	30	9567
SM01138	DP	1.00000000001264	1.26374535412455e-11	2	0	0	30	9567
SM00893	ETF	1.00000000001264	1.26374535412455e-11	2	0	0	30	9567
SM00657	RPOL4c	1.00000000001264	1.26374535412455e-11	2	0	0	30	9567
SM00493	TOPRIM	1.00000000001264	1.26374535412455e-11	2	0	0	30	9567
SM01194	eRF1_1	1.00000000001264	1.26374535412455e-11	2	0	0	30	9567
SM01142	DSHCT	1.00000000001264	1.26374535412455e-11	2	0	0	30	9567
SM01179	DUF862	1.00000000001264	1.26374535412455e-11	2	0	0	30	9567
SM01130	DHDPS	1.00000000001264	1.26374535412455e-11	2	0	0	30	9567
SM01000	Aha1_N	1.00000000001264	1.26374535412455e-11	2	0	0	30	9567
SM01164	DUF1856	1.00000000001264	1.26374535412455e-11	2	0	0	30	9567
SM01387	Ribosomal_S15	1.00000000001264	1.26374535412455e-11	2	0	0	30	9567
SM01104	CTD	1.00000000001264	1.26374535412455e-11	2	0	0	30	9567
SM01161	DUF1767	1.00000000001264	1.26374535412455e-11	2	0	0	30	9567
SM00632	Aamy_C	1.00000000001264	1.26374535412455e-11	2	0	0	30	9567
SM01336	zf-PARP	1.00000000001264	1.26374535412455e-11	2	0	0	30	9567
SM00466	SRA	1.00000000001264	1.26374535412455e-11	2	0	0	30	9567
SM01399	Sybindin	1.00000000001264	1.26374535412455e-11	2	0	0	30	9567
SM00853	MutL_C	1.00000000001264	1.26374535412455e-11	2	0	0	30	9567
SM00661	RPOL9	1.00000000001264	1.26374535412455e-11	2	0	0	30	9567
SM00494	ChtBD2	1.00000000001264	1.26374535412455e-11	2	0	0	30	9567
SM00992	YccV-like	1.00000000001264	1.26374535412455e-11	2	0	0	30	9567
SM01002	AlaDh_PNT_C	1.00000000001264	1.26374535412455e-11	2	0	0	30	9567
SM01233	HABP4_PAI-RBP1	1.00000000001264	1.26374535412455e-11	2	0	0	30	9567
SM01010	AMPKBI	1.00000000001264	1.26374535412455e-11	2	0	0	30	9567
SM00993	YL1_C	1.00000000001264	1.26374535412455e-11	2	0	0	30	9567
SM00808	FABD	1.00000000001264	1.26374535412455e-11	2	0	0	30	9567
SM01415	DUF106	1.00000000001264	1.26374535412455e-11	2	0	0	30	9567
SM01122	DBC1	1.00000000001264	1.26374535412455e-11	2	0	0	30	9567
SM01374	Ribosomal_L14	1.00000000001264	1.26374535412455e-11	2	0	0	30	9567
SM00976	Telo_bind	1.00000000001264	1.26374535412455e-11	2	0	0	30	9567
SM00581	PSP	1.00000000001264	1.26374535412455e-11	2	0	0	30	9567
SM01076	CG-1	1.00000000001264	1.26374535412455e-11	2	0	0	30	9567
SM01022	ASCH	1.00000000001264	1.26374535412455e-11	2	0	0	30	9567
SM01281	Med12	1.00000000001264	1.26374535412455e-11	2	0	0	30	9567
SM01250	KAT11	1.00000000001264	1.26374535412455e-11	2	0	0	30	9567
SM01291	N-SET	1.00000000001264	1.26374535412455e-11	2	0	0	30	9567
SM00785	AARP2CN	1.00000000001264	1.26374535412455e-11	2	0	0	30	9567
SM01389	Spt4	1.00000000001264	1.26374535412455e-11	2	0	0	30	9567
SM01283	Costars	1.00000000001264	1.26374535412455e-11	2	0	0	30	9567
SM01239	IKKbetaNEMObind	1.00000000001264	1.26374535412455e-11	2	0	0	30	9567
SM01086	ClpB_D2-small	1.00000000001264	1.26374535412455e-11	2	0	0	30	9567
SM00792	Agouti	1.00000000001264	1.26374535412455e-11	2	0	0	30	9567
SM00873	B3_4	1.00000000001264	1.26374535412455e-11	2	0	0	30	9567
SM00705	THEG	1.00000000001264	1.26374535412455e-11	2	0	0	30	9567
SM00711	TDU	1.00000000001264	1.26374535412455e-11	2	0	0	30	9567
SM00956	RQC	1.00000000001264	1.26374535412455e-11	2	0	0	30	9567
SM01267	LAG1_DNAbind	1.00000000001264	1.26374535412455e-11	2	0	0	30	9567
SM00039	CRF	1.00000000001264	1.26374535412455e-11	2	0	0	30	9567
SM01293	DUF3402	1.00000000001264	1.26374535412455e-11	2	0	0	30	9567
SM00662	RPOLD	1.00000000001264	1.26374535412455e-11	2	0	0	30	9567
SM01072	CDC48_2	1.00000000001264	1.26374535412455e-11	2	0	0	30	9567
SM01383	Ribosomal_L2	1.00000000001264	1.26374535412455e-11	2	0	0	30	9567
SM01288	FISNA	1.00000000001264	1.26374535412455e-11	2	0	0	30	9567
SM01282	DBB	1.00000000001264	1.26374535412455e-11	2	0	0	30	9567
SM00435	TOPEUc	1.00000000001264	1.26374535412455e-11	2	0	0	30	9567
SM00649	RL11	1.00000000001264	1.26374535412455e-11	2	0	0	30	9567
SM01097	CPSase_sm_chain	1.00000000001264	1.26374535412455e-11	2	0	0	30	9567
SM01206	Fibrillarin	1.00000000001264	1.26374535412455e-11	2	0	0	30	9567
SM00714	LITAF	1.00000000001264	1.26374535412455e-11	2	0	0	30	9567
SM00551	ZnF_TAZ	1.00000000001264	1.26374535412455e-11	2	0	0	30	9567
SM01313	Sec3-PIP2_bind	1.00000000001264	1.26374535412455e-11	2	0	0	30	9567
SM00531	TFIIE	1.00000000001264	1.26374535412455e-11	2	0	0	30	9567
SM00812	Alpha_L_fucos	1.00000000001264	1.26374535412455e-11	2	0	0	30	9567
SM00827	PKS_AT	1.00000000001264	1.26374535412455e-11	2	0	0	30	9567
SM00951	QLQ	1.00000000001264	1.26374535412455e-11	2	0	0	30	9567
SM01355	AP3B1_C	1.00000000001264	1.26374535412455e-11	2	0	0	30	9567
SM00469	WIF	1.00000000001264	1.26374535412455e-11	2	0	0	30	9567
SM00525	FES	1.00000000001264	1.26374535412455e-11	2	0	0	30	9567
SM01070	CDC37_M	1.00000000001264	1.26374535412455e-11	2	0	0	30	9567
SM00223	APPLE	1.00000000001264	1.26374535412455e-11	2	0	0	30	9567
SM00087	PTH	1.00000000001264	1.26374535412455e-11	2	0	0	30	9567
SM00967	SpoU_sub_bind	1.00000000001264	1.26374535412455e-11	2	0	0	30	9567
SM01177	DUF4210	1.00000000001264	1.26374535412455e-11	2	0	0	30	9567
SM01272	LsmAD	1.00000000001264	1.26374535412455e-11	2	0	0	30	9567
SM00190	IL4_13	1.00000000001264	1.26374535412455e-11	2	0	0	30	9567
SM01230	Gln-synt_C	1.00000000001264	1.26374535412455e-11	2	0	0	30	9567
SM00860	SMI1_KNR4	1.00000000001264	1.26374535412455e-11	2	0	0	30	9567
SM00500	SFM	1.00000000001264	1.26374535412455e-11	2	0	0	30	9567
SM00080	LIF_OSM	1.00000000001264	1.26374535412455e-11	2	0	0	30	9567
SM01165	DUF1866	1.00000000001264	1.26374535412455e-11	2	0	0	30	9567
SM00188	IL10	1.00000000001264	1.26374535412455e-11	2	0	0	30	9567
SM01237	ICA69	1.00000000001264	1.26374535412455e-11	2	0	0	30	9567
SM01131	DHHA2	1.00000000001264	1.26374535412455e-11	2	0	0	30	9567
SM00437	TOP1Ac	1.00000000001264	1.26374535412455e-11	2	0	0	30	9567
SM01362	DUF663	1.00000000001264	1.26374535412455e-11	2	0	0	30	9567
SM00638	LPD_N	1.00000000001264	1.26374535412455e-11	2	0	0	30	9567
SM01410	DIM1	1.00000000001264	1.26374535412455e-11	2	0	0	30	9567
SM00433	TOP2c	1.00000000001264	1.26374535412455e-11	2	0	0	30	9567
SM01382	Ribosomal_L2_C	1.00000000001264	1.26374535412455e-11	2	0	0	30	9567
SM00788	Adenylsucc_synt	1.00000000001264	1.26374535412455e-11	2	0	0	30	9567
SM00685	DM14	1.00000000001264	1.26374535412455e-11	2	0	0	30	9567
SM01314	SnAC	1.00000000001264	1.26374535412455e-11	2	0	0	30	9567
SM00555	GIT	1.00000000001264	1.26374535412455e-11	2	0	0	30	9567
SM01258	KRBA1	1.00000000001264	1.26374535412455e-11	2	0	0	30	9567
SM00213	UBQ	1.00000000001398	1.39763116036224e-11	43	0	0	30	9567
SM00717	SANT	1.00000000001398	1.39763116036224e-11	43	0	0	30	9567
SM00192	LDLa	1.00000000001398	1.39763116036224e-11	43	0	0	30	9567
SM00608	ACR	1.00000000001398	1.39763116036224e-11	43	0	0	30	9567
SM00449	SPRY	1.0000000000143	1.4300630996614e-11	72	0	0	30	9567
SM00112	CA	1.00000000001518	1.51821494524287e-11	117	0	0	30	9567
SM00332	PP2Cc	1.00000000001527	1.52711412108657e-11	20	0	0	30	9567
SM00048	DEFSN	1.00000000001527	1.52711412108657e-11	20	0	0	30	9567
SM00547	ZnF_RBZ	1.00000000001527	1.52711412108657e-11	20	0	0	30	9567
SM00397	t_SNARE	1.00000000001527	1.52711412108657e-11	20	0	0	30	9567
SM01089	Connexin_CCC	1.00000000001527	1.52711412108657e-11	20	0	0	30	9567
SM00231	FA58C	1.00000000001527	1.52711412108657e-11	20	0	0	30	9567
SM00443	G_patch	1.00000000001527	1.52711412108657e-11	20	0	0	30	9567
SM00055	FCH	1.00000000001527	1.52711412108657e-11	20	0	0	30	9567
SM00253	SOCS	1.00000000001527	1.52711412108657e-11	20	0	0	30	9567
SM00293	PWWP	1.00000000001527	1.52711412108657e-11	20	0	0	30	9567
SM00063	FRI	1.00000000001527	1.52711412108657e-11	20	0	0	30	9567
SM00041	CT	1.00000000001527	1.52711412108657e-11	20	0	0	30	9567
SM00215	VWC_out	1.00000000001527	1.52711412108657e-11	20	0	0	30	9567
SM00563	PlsC	1.00000000001587	1.58729794858202e-11	17	0	0	30	9567
SM00261	FU	1.00000000001587	1.58729794858202e-11	17	0	0	30	9567
SM00425	TBOX	1.00000000001587	1.58729794858202e-11	17	0	0	30	9567
SM00216	VWD	1.00000000001587	1.58729794858202e-11	17	0	0	30	9567
SM00061	MATH	1.00000000001587	1.58729794858202e-11	17	0	0	30	9567
SM01332	Cyclin_C	1.00000000001587	1.58729794858202e-11	17	0	0	30	9567
SM00744	RINGv	1.00000000001587	1.58729794858202e-11	17	0	0	30	9567
SM00631	Zn_pept	1.00000000001587	1.58729794858202e-11	17	0	0	30	9567
SM00211	TY	1.00000000001587	1.58729794858202e-11	17	0	0	30	9567
SM00247	XTALbg	1.00000000001587	1.58729794858202e-11	17	0	0	30	9567
SM00224	GGL	1.00000000001587	1.58729794858202e-11	17	0	0	30	9567
SM00832	C8	1.00000000001665	1.66454214812663e-11	14	0	0	30	9567
SM00241	ZP	1.00000000001665	1.66454214812663e-11	14	0	0	30	9567
SM00445	LINK	1.00000000001665	1.66454214812663e-11	14	0	0	30	9567
SM00829	PKS_ER	1.00000000001665	1.66454214812663e-11	14	0	0	30	9567
SM00647	IBR	1.00000000001665	1.66454214812663e-11	14	0	0	30	9567
SM00198	SCP	1.00000000001665	1.66454214812663e-11	14	0	0	30	9567
SM00615	EPH_lbd	1.00000000001665	1.66454214812663e-11	14	0	0	30	9567
SM00135	LY	1.00000000001665	1.66454214812663e-11	14	0	0	30	9567
SM00666	PB1	1.00000000001665	1.66454214812663e-11	14	0	0	30	9567
SM00234	START	1.00000000001665	1.66454214812663e-11	14	0	0	30	9567
SM00294	4.1m	1.00000000001665	1.66454214812663e-11	14	0	0	30	9567
SM00336	BBOX	1.00000000001686	1.68617409427921e-11	58	0	0	30	9567
SM00875	BACK	1.00000000001686	1.68617409427921e-11	58	0	0	30	9567
SM00132	LIM	1.00000000001778	1.77750538937781e-11	73	0	0	30	9567
SM00326	SH3	1.00000000001867	1.86649747750448e-11	196	0	0	30	9567
SM00569	L27	1.00000000001915	1.91474867239737e-11	13	0	0	30	9567
SM00479	EXOIII	1.00000000001915	1.91474867239737e-11	13	0	0	30	9567
SM00036	CNH	1.00000000001915	1.91474867239737e-11	13	0	0	30	9567
SM00427	H2B	1.00000000001915	1.91474867239737e-11	13	0	0	30	9567
SM00156	PP2Ac	1.00000000001915	1.91474867239737e-11	13	0	0	30	9567
SM01189	ELM2	1.00000000001915	1.91474867239737e-11	13	0	0	30	9567
SM00698	MORN	1.00000000001915	1.91474867239737e-11	13	0	0	30	9567
SM00323	RasGAP	1.00000000001915	1.91474867239737e-11	13	0	0	30	9567
SM00457	MACPF	1.00000000001915	1.91474867239737e-11	13	0	0	30	9567
SM01195	FA	1.00000000001915	1.91474867239737e-11	13	0	0	30	9567
SM00059	FN2	1.00000000001915	1.91474867239737e-11	13	0	0	30	9567
SM00230	CysPc	1.00000000001915	1.91474867239737e-11	13	0	0	30	9567
SM00526	H15	1.00000000001915	1.91474867239737e-11	13	0	0	30	9567
SM00284	OLF	1.00000000001915	1.91474867239737e-11	13	0	0	30	9567
SM00349	KRAB	1.00000000001919	1.91940295877899e-11	281	0	0	30	9567
SM00228	PDZ	1.00000000001983	1.98324611807494e-11	146	0	0	30	9567
SM00651	Sm	1.00000000002044	2.04367716992534e-11	19	0	0	30	9567
SM00037	CNX	1.00000000002044	2.04367716992534e-11	19	0	0	30	9567
SM00292	BRCT	1.00000000002044	2.04367716992534e-11	19	0	0	30	9567
SM00191	Int_alpha	1.00000000002044	2.04367716992534e-11	19	0	0	30	9567
SM00131	KU	1.00000000002044	2.04367716992534e-11	19	0	0	30	9567
SM00121	IB	1.00000000002044	2.04367716992534e-11	19	0	0	30	9567
SM00848	Inhibitor_I29	1.00000000002044	2.04367716992534e-11	19	0	0	30	9567
SM00097	WNT1	1.00000000002044	2.04367716992534e-11	19	0	0	30	9567
SM00367	LRR_CC	1.00000000002044	2.04367716992534e-11	19	0	0	30	9567
SM00864	Tubulin	1.00000000002044	2.04367716992534e-11	19	0	0	30	9567
SM01391	Filament	1.00000000002046	2.04555373920385e-11	71	0	0	30	9567
SM00558	JmjC	1.0000000000206	2.05989633354125e-11	30	0	0	30	9567
SM00298	CHROMO	1.0000000000206	2.05989633354125e-11	30	0	0	30	9567
SM00064	FYVE	1.0000000000206	2.05989633354125e-11	30	0	0	30	9567
SM00152	THY	1.00000000002079	2.07887597402055e-11	6	0	0	30	9567
SM01241	Integrin_b_cyt	1.00000000002079	2.07887597402055e-11	6	0	0	30	9567
SM00952	RAP	1.00000000002079	2.07887597402055e-11	6	0	0	30	9567
SM00394	RIIa	1.00000000002079	2.07887597402055e-11	6	0	0	30	9567
SM00710	PbH1	1.00000000002079	2.07887597402055e-11	6	0	0	30	9567
SM00021	DAX	1.00000000002079	2.07887597402055e-11	6	0	0	30	9567
SM01329	Iso_dh	1.00000000002079	2.07887597402055e-11	6	0	0	30	9567
SM00155	PLDc	1.00000000002079	2.07887597402055e-11	6	0	0	30	9567
SM00031	DED	1.00000000002079	2.07887597402055e-11	6	0	0	30	9567
SM00517	PolyA	1.00000000002079	2.07887597402055e-11	6	0	0	30	9567
SM00544	MA3	1.00000000002079	2.07887597402055e-11	6	0	0	30	9567
SM00863	tRNA_SAD	1.00000000002079	2.07887597402055e-11	6	0	0	30	9567
SM00510	TFS2M	1.00000000002079	2.07887597402055e-11	6	0	0	30	9567
SM01198	FBA	1.00000000002079	2.07887597402055e-11	6	0	0	30	9567
SM00648	SWAP	1.00000000002079	2.07887597402055e-11	6	0	0	30	9567
SM01127	DDHD	1.00000000002079	2.07887597402055e-11	6	0	0	30	9567
SM00415	HSF	1.00000000002079	2.07887597402055e-11	6	0	0	30	9567
SM01114	CXC	1.00000000002079	2.07887597402055e-11	6	0	0	30	9567
SM00968	SMC_hinge	1.00000000002079	2.07887597402055e-11	6	0	0	30	9567
SM00811	Alpha_kinase	1.00000000002079	2.07887597402055e-11	6	0	0	30	9567
SM00257	LysM	1.00000000002079	2.07887597402055e-11	6	0	0	30	9567
SM00670	PINc	1.00000000002079	2.07887597402055e-11	6	0	0	30	9567
SM01343	FATC	1.00000000002079	2.07887597402055e-11	6	0	0	30	9567
SM00603	LCCL	1.00000000002079	2.07887597402055e-11	6	0	0	30	9567
SM00921	MHC_II_beta	1.00000000002079	2.07887597402055e-11	6	0	0	30	9567
SM00695	DUSP	1.00000000002079	2.07887597402055e-11	6	0	0	30	9567
SM00440	ZnF_C2C2	1.00000000002079	2.07887597402055e-11	6	0	0	30	9567
SM00477	NUC	1.00000000002079	2.07887597402055e-11	6	0	0	30	9567
SM00070	GLUCA	1.00000000002079	2.07887597402055e-11	6	0	0	30	9567
SM00022	PLAc	1.00000000002079	2.07887597402055e-11	6	0	0	30	9567
SM01137	DMAP_binding	1.00000000002079	2.07887597402055e-11	6	0	0	30	9567
SM00144	PI3K_rbd	1.00000000002079	2.07887597402055e-11	6	0	0	30	9567
SM00259	ZnF_A20	1.00000000002079	2.07887597402055e-11	6	0	0	30	9567
SM00915	Jacalin	1.00000000002079	2.07887597402055e-11	6	0	0	30	9567
SM00464	LON	1.00000000002079	2.07887597402055e-11	6	0	0	30	9567
SM00359	PUA	1.00000000002079	2.07887597402055e-11	6	0	0	30	9567
SM00757	CRA	1.00000000002079	2.07887597402055e-11	6	0	0	30	9567
SM00552	ADEAMc	1.00000000002079	2.07887597402055e-11	6	0	0	30	9567
SM00302	GED	1.00000000002079	2.07887597402055e-11	6	0	0	30	9567
SM00592	BRK	1.00000000002079	2.07887597402055e-11	6	0	0	30	9567
SM00665	B561	1.00000000002079	2.07887597402055e-11	6	0	0	30	9567
SM00441	FF	1.00000000002079	2.07887597402055e-11	6	0	0	30	9567
SM00548	IRO	1.00000000002079	2.07887597402055e-11	6	0	0	30	9567
SM00907	GDNF	1.00000000002079	2.07887597402055e-11	6	0	0	30	9567
SM00775	LNS2	1.00000000002079	2.07887597402055e-11	6	0	0	30	9567
SM00111	C4	1.00000000002079	2.07887597402055e-11	6	0	0	30	9567
SM01132	DIL	1.00000000002079	2.07887597402055e-11	6	0	0	30	9567
SM00129	KISc	1.00000000002249	2.2487815532609e-11	41	0	0	30	9567
SM00431	SCAN	1.00000000002249	2.2487815532609e-11	41	0	0	30	9567
SM00322	KH	1.00000000002292	2.29161502909277e-11	37	0	0	30	9567
SM00164	TBC	1.00000000002292	2.29161502909277e-11	37	0	0	30	9567
SM00050	DISIN	1.00000000002292	2.29161502909277e-11	37	0	0	30	9567
SM00487	DEXDc	1.00000000002319	2.3194582386498e-11	109	0	0	30	9567
SM00442	FGF	1.0000000000234	2.34012647702088e-11	22	0	0	30	9567
SM00210	TSPN	1.0000000000234	2.34012647702088e-11	22	0	0	30	9567
SM00186	FBG	1.0000000000234	2.34012647702088e-11	22	0	0	30	9567
SM00240	FHA	1.0000000000234	2.34012647702088e-11	22	0	0	30	9567
SM00513	SAP	1.0000000000234	2.34012647702088e-11	22	0	0	30	9567
SM00667	LisH	1.0000000000234	2.34012647702088e-11	22	0	0	30	9567
SM00406	IGv	1.00000000002353	2.35301642761114e-11	80	0	0	30	9567
SM00249	PHD	1.0000000000237	2.37036670933315e-11	90	0	0	30	9567
SM00320	WD40	1.00000000002402	2.40177712273238e-11	256	0	0	30	9567
SM01190	EMP24_GP25L	1.0000000000247	2.47010455387751e-11	10	0	0	30	9567
SM01017	Arrestin_C	1.0000000000247	2.47010455387751e-11	10	0	0	30	9567
SM00460	TGc	1.0000000000247	2.47010455387751e-11	10	0	0	30	9567
SM00745	MIT	1.0000000000247	2.47010455387751e-11	10	0	0	30	9567
SM01100	CRAL_TRIO_N	1.0000000000247	2.47010455387751e-11	10	0	0	30	9567
SM01372	E2F_TDP	1.0000000000247	2.47010455387751e-11	10	0	0	30	9567
SM00128	IPPc	1.0000000000247	2.47010455387751e-11	10	0	0	30	9567
SM00591	RWD	1.0000000000247	2.47010455387751e-11	10	0	0	30	9567
SM00472	MIR	1.0000000000247	2.47010455387751e-11	10	0	0	30	9567
SM00102	ADF	1.0000000000247	2.47010455387751e-11	10	0	0	30	9567
SM00543	MIF4G	1.0000000000247	2.47010455387751e-11	10	0	0	30	9567
SM01039	BRICHOS	1.0000000000247	2.47010455387751e-11	10	0	0	30	9567
SM00251	SAM_PNT	1.0000000000247	2.47010455387751e-11	10	0	0	30	9567
SM00220	S_TKc	1.00000000002505	2.50462786037379e-11	354	0	0	30	9567
SM00256	FBOX	1.00000000002623	2.62273744305866e-11	53	0	0	30	9567
SM00032	CCP	1.00000000002623	2.62273744305866e-11	53	0	0	30	9567
SM00407	IGc1	1.00000000002688	2.68814468731901e-11	59	0	0	30	9567
SM00034	CLECT	1.000000000027	2.69955826616557e-11	119	0	0	30	9567
SM00028	TPR	1.000000000027	2.69955826616557e-11	119	0	0	30	9567
SM00385	CYCLIN	1.00000000002824	2.82364504496345e-11	32	0	0	30	9567
SM01373	MAGE	1.00000000002824	2.82364504496345e-11	32	0	0	30	9567
SM00219	TyrKc	1.00000000002835	2.83495224018426e-11	81	0	0	30	9567
SM00133	S_TK_X	1.00000000002945	2.94543638941705e-11	45	0	0	30	9567
SM00339	FH	1.00000000002945	2.94543638941705e-11	45	0	0	30	9567
SM00343	ZnF_C2HC	1.00000000003102	3.10160112833118e-11	21	0	0	30	9567
SM00044	CYCc	1.00000000003102	3.10160112833118e-11	21	0	0	30	9567
SM01270	Longin	1.00000000003205	3.20484645916732e-11	5	0	0	30	9567
SM00539	NIDO	1.00000000003205	3.20484645916732e-11	5	0	0	30	9567
SM00642	Aamy	1.00000000003205	3.20484645916732e-11	5	0	0	30	9567
SM00541	FYRN	1.00000000003205	3.20484645916732e-11	5	0	0	30	9567
SM01092	CO_deh_flav_C	1.00000000003205	3.20484645916732e-11	5	0	0	30	9567
SM00266	CAD	1.00000000003205	3.20484645916732e-11	5	0	0	30	9567
SM01408	ING	1.00000000003205	3.20484645916732e-11	5	0	0	30	9567
SM00542	FYRC	1.00000000003205	3.20484645916732e-11	5	0	0	30	9567
SM00331	PP2C_SIG	1.00000000003205	3.20484645916732e-11	5	0	0	30	9567
SM00321	WSC	1.00000000003205	3.20484645916732e-11	5	0	0	30	9567
SM00572	DZF	1.00000000003205	3.20484645916732e-11	5	0	0	30	9567
SM00673	CARP	1.00000000003205	3.20484645916732e-11	5	0	0	30	9567
SM00741	SapB	1.00000000003205	3.20484645916732e-11	5	0	0	30	9567
SM00089	PKD	1.00000000003205	3.20484645916732e-11	5	0	0	30	9567
SM01008	Ald_Xan_dh_C	1.00000000003205	3.20484645916732e-11	5	0	0	30	9567
SM00264	BAG	1.00000000003205	3.20484645916732e-11	5	0	0	30	9567
SM01041	BRO1	1.00000000003205	3.20484645916732e-11	5	0	0	30	9567
SM01202	FerI	1.00000000003205	3.20484645916732e-11	5	0	0	30	9567
SM00614	ZnF_BED	1.00000000003205	3.20484645916732e-11	5	0	0	30	9567
SM01015	Arfaptin	1.00000000003205	3.20484645916732e-11	5	0	0	30	9567
SM01175	DUF4206	1.00000000003205	3.20484645916732e-11	5	0	0	30	9567
SM00584	TLDc	1.00000000003205	3.20484645916732e-11	5	0	0	30	9567
SM00549	TAFH	1.00000000003205	3.20484645916732e-11	5	0	0	30	9567
SM00588	NEUZ	1.00000000003205	3.20484645916732e-11	5	0	0	30	9567
SM01145	DUF1041	1.00000000003205	3.20484645916732e-11	5	0	0	30	9567
SM00103	ALBUMIN	1.00000000003205	3.20484645916732e-11	5	0	0	30	9567
SM00602	VPS10	1.00000000003205	3.20484645916732e-11	5	0	0	30	9567
SM00664	DoH	1.00000000003205	3.20484645916732e-11	5	0	0	30	9567
SM00765	MANEC	1.00000000003205	3.20484645916732e-11	5	0	0	30	9567
SM01201	FerB	1.00000000003205	3.20484645916732e-11	5	0	0	30	9567
SM00580	PUG	1.00000000003205	3.20484645916732e-11	5	0	0	30	9567
SM00739	KOW	1.00000000003205	3.20484645916732e-11	5	0	0	30	9567
SM00160	RanBD	1.00000000003205	3.20484645916732e-11	5	0	0	30	9567
SM00878	Biotin_carb_C	1.00000000003205	3.20484645916732e-11	5	0	0	30	9567
SM00891	ERCC4	1.00000000003205	3.20484645916732e-11	5	0	0	30	9567
SM00879	Brix	1.00000000003205	3.20484645916732e-11	5	0	0	30	9567
SM00446	LRRcap	1.00000000003205	3.20484645916732e-11	5	0	0	30	9567
SM00570	AWS	1.00000000003205	3.20484645916732e-11	5	0	0	30	9567
SM00838	EFG_C	1.00000000003205	3.20484645916732e-11	5	0	0	30	9567
SM00678	WWE	1.00000000003205	3.20484645916732e-11	5	0	0	30	9567
SM00533	MUTSd	1.00000000003205	3.20484645916732e-11	5	0	0	30	9567
SM00571	DDT	1.00000000003205	3.20484645916732e-11	5	0	0	30	9567
SM00432	MADS	1.00000000003205	3.20484645916732e-11	5	0	0	30	9567
SM00540	LEM	1.00000000003205	3.20484645916732e-11	5	0	0	30	9567
SM00892	Endonuclease_NS	1.00000000003205	3.20484645916732e-11	5	0	0	30	9567
SM00534	MUTSac	1.00000000003205	3.20484645916732e-11	5	0	0	30	9567
SM00733	Mterf	1.00000000003205	3.20484645916732e-11	5	0	0	30	9567
SM00991	WHEP-TRS	1.00000000003205	3.20484645916732e-11	5	0	0	30	9567
SM01163	DUF1785	1.00000000003205	3.20484645916732e-11	5	0	0	30	9567
SM00872	Alpha-mann_mid	1.00000000003205	3.20484645916732e-11	5	0	0	30	9567
SM00268	ACTIN	1.00000000003535	3.53487286689653e-11	26	0	0	30	9567
SM00043	CY	1.00000000003535	3.53487286689653e-11	26	0	0	30	9567
SM00413	ETS	1.00000000003535	3.53487286689653e-11	26	0	0	30	9567
