TermID	Term	Enrichment	logP	Genes in Term	Target Genes in Term	Fraction of Targets in Term	Total Target Genes	Total Genes	Entrez Gene IDs	Gene Symbols
PR00109	TYRKINASE	0.000807579033170654	-7.12146963376125	68	3	0.272727272727273	11	3814	445223,562195,58129	nek7,epha7,fgfr3
PR00926	MITOCARRIER	0.00380340358014731	-5.57185893414473	33	2	0.181818181818182	11	3814	571961,569608	slc25a38b,slc25a29
PR01981	IGFBPFAMILY5	0.00576065844891096	-5.15670349676065	2	1	0.0909090909090909	11	3814	403039	igfbp5b
PR00047	STROIDFINGER	0.0134190419777011	-4.3110805376395	63	2	0.181818181818182	11	3814	402815,554722	nr1d2a,rorab
PR00398	STRDHORMONER	0.0142467188259068	-4.25122865661198	65	2	0.181818181818182	11	3814	554722,402815	rorab,nr1d2a
PR01293	RORNUCRECPTR	0.0143450953426195	-4.24434718317009	5	1	0.0909090909090909	11	3814	554722	rorab
PR00546	THYROIDHORMR	0.0171915652695486	-4.06333640674919	6	1	0.0909090909090909	11	3814	402815	nr1d2a
PR00043	LEUZIPPRJUN	0.0171915652695486	-4.06333640674919	6	1	0.0909090909090909	11	3814	407086	junba
PR01259	NACAEXCHNGR	0.0200305602226205	-3.91049616051828	7	1	0.0909090909090909	11	3814	797199	slc8a1b
PR01976	IGFBPFAMILY	0.0256861958567285	-3.66180155758225	9	1	0.0909090909090909	11	3814	403039	igfbp5b
PR00399	SYNAPTOTAGMN	0.0313121431703994	-3.46374929595769	11	1	0.0909090909090909	11	3814	335357	syt4
PR01243	NUCDPKINASE	0.999999999995403	-4.59671379129812e-12	9	0	0	11	3814
PR00304	TCOMPLEXTCP1	0.999999999995403	-4.59671379129812e-12	9	0	0	11	3814
PR01084	NAHEXCHNGR	0.999999999995403	-4.59671379129812e-12	9	0	0	11	3814
PR00356	ANTIFREEZEII	0.999999999995403	-4.59671379129812e-12	9	0	0	11	3814
PR00371	FPNCR	0.999999999995403	-4.59671379129812e-12	9	0	0	11	3814
PR00219	SYNAPTOBREVN	0.999999999995403	-4.59671379129812e-12	9	0	0	11	3814
PR00441	GPROTEINAI	0.999999999995403	-4.59671379129812e-12	9	0	0	11	3814
PR00319	GPROTEINB	0.999999999995403	-4.59671379129812e-12	9	0	0	11	3814
PR00276	INSULINFAMLY	0.999999999995403	-4.59671379129812e-12	9	0	0	11	3814
PR01347	EPHRIN	0.999999999995403	-4.59671379129812e-12	9	0	0	11	3814
PR00179	LIPOCALIN	0.999999999995403	-4.59671379129812e-12	9	0	0	11	3814
PR01307	P2XRECEPTOR	0.999999999995403	-4.59671379129812e-12	9	0	0	11	3814
PR00242	DOPAMINER	0.999999999995403	-4.59671379129812e-12	9	0	0	11	3814
PR00094	ADENYLTKNASE	0.999999999995403	-4.59671379129812e-12	9	0	0	11	3814
PR00404	MADSDOMAIN	0.999999999996548	-3.45227658819229e-12	7	0	0	11	3814
PR00314	CLATHRINADPT	0.999999999996548	-3.45227658819229e-12	7	0	0	11	3814
PR00138	MATRIXIN	0.999999999996548	-3.45227658819229e-12	7	0	0	11	3814
PR00657	CCCHEMOKINER	0.999999999996548	-3.45227658819229e-12	7	0	0	11	3814
PR00390	PHPHLIPASEC	0.999999999996548	-3.45227658819229e-12	7	0	0	11	3814
PR00369	FLAVODOXIN	0.999999999996548	-3.45227658819229e-12	7	0	0	11	3814
PR01090	NEUROLIGIN	0.999999999996548	-3.45227658819229e-12	7	0	0	11	3814
PR00579	RHODOPSIN	0.999999999996548	-3.45227658819229e-12	7	0	0	11	3814
PR00723	SUBTILISIN	0.999999999996548	-3.45227658819229e-12	7	0	0	11	3814
PR00342	RHESUSRHD	0.999999999996548	-3.45227658819229e-12	7	0	0	11	3814
PR01163	BETATUBULIN	0.999999999996548	-3.45227658819229e-12	7	0	0	11	3814
PR01244	PEROPSIN	0.999999999996548	-3.45227658819229e-12	7	0	0	11	3814
PR01282	COUPTNFACTOR	0.999999999996548	-3.45227658819229e-12	7	0	0	11	3814
PR00721	STOMATIN	0.999999999996548	-3.45227658819229e-12	7	0	0	11	3814
PR00717	GPCRKINASE	0.999999999996548	-3.45227658819229e-12	7	0	0	11	3814
PR01231	HCO3TRNSPORT	0.999999999996548	-3.45227658819229e-12	7	0	0	11	3814
PR00814	BETAHAEM	0.999999999996548	-3.45227658819229e-12	7	0	0	11	3814
PR00310	ANTIPRLFBTG1	0.999999999996548	-3.45227658819229e-12	7	0	0	11	3814
PR01321	KIR11CHANNEL	0.999999999996548	-3.45227658819229e-12	7	0	0	11	3814
PR00111	ABHYDROLASE	0.999999999996548	-3.45227658819229e-12	7	0	0	11	3814
PR00454	ETSDOMAIN	0.999999999996612	-3.38769381865526e-12	22	0	0	11	3814
PR00238	OPSIN	0.999999999996612	-3.38769381865526e-12	22	0	0	11	3814
PR00263	HBGFFGF	0.999999999996612	-3.38769381865526e-12	22	0	0	11	3814
PR00252	NRIONCHANNEL	0.999999999997691	-2.30899720462166e-12	31	0	0	11	3814
PR00206	CONNEXIN	0.999999999997691	-2.30899720462166e-12	31	0	0	11	3814
PR00452	SH3DOMAIN	0.999999999998333	-1.66730507207743e-12	74	0	0	11	3814
PR01349	WNTPROTEIN	0.999999999998476	-1.52426504825234e-12	21	0	0	11	3814
PR01830	TRACEAMINER	0.999999999998476	-1.52426504825234e-12	21	0	0	11	3814
PR00705	PAPAIN	0.999999999998476	-1.52426504825234e-12	21	0	0	11	3814
PR00380	KINESINHEAVY	0.999999999998476	-1.52426504825234e-12	21	0	0	11	3814
PR01161	TUBULIN	0.999999999998476	-1.52426504825234e-12	21	0	0	11	3814
PR01367	BGCRYSTALLIN	0.999999999998819	-1.18083042121305e-12	55	0	0	11	3814
PR00245	OLFACTORYR	0.999999999999001	-9.9881421856712e-13	102	0	0	11	3814
PR00262	IL1HBGF	0.99999999999922	-7.80181232619904e-13	28	0	0	11	3814
PR00937	TBOX	0.999999999999321	-6.78690542252612e-13	19	0	0	11	3814
PR01686	EP450ICYP2D	0.999999999999361	-6.38580906994641e-13	14	0	0	11	3814
PR00190	ACTIN	0.999999999999361	-6.38580906994641e-13	14	0	0	11	3814
PR00001	GLABLOOD	0.999999999999361	-6.38580906994641e-13	14	0	0	11	3814
PR00253	GABAARECEPTR	0.999999999999361	-6.38580906994641e-13	14	0	0	11	3814
PR00480	ASTACIN	0.999999999999361	-6.38580906994641e-13	14	0	0	11	3814
PR00023	ZPELLUCIDA	0.999999999999361	-6.38580906994641e-13	14	0	0	11	3814
PR00249	GPCRSECRETIN	0.999999999999361	-6.38580906994641e-13	14	0	0	11	3814
PR00759	BASICPTASE	0.999999999999361	-6.38580906994641e-13	14	0	0	11	3814
PR00176	NANEUSMPORT	0.999999999999402	-5.97646902553619e-13	26	0	0	11	3814
PR01248	TYPE1KERATIN	0.999999999999402	-5.97646902553619e-13	26	0	0	11	3814
PR00625	JDOMAIN	0.999999999999454	-5.4610702622809e-13	40	0	0	11	3814
PR00080	SDRFAMILY	0.99999999999984	-1.59700839030301e-13	59	0	0	11	3814
PR00385	P450	1.00000000000024	2.42655131885127e-13	63	0	0	11	3814
PR00060	RIBOSOMALL16	1.00000000000041	4.11635135699751e-13	1	0	0	11	3814
PR01795	VDCCGAMMA7	1.00000000000041	4.11635135699751e-13	1	0	0	11	3814
PR01643	TRPCHANNEL2	1.00000000000041	4.11635135699751e-13	1	0	0	11	3814
PR01030	PENKBPRCRSR	1.00000000000041	4.11635135699751e-13	1	0	0	11	3814
PR00375	HUNTINGTIN	1.00000000000041	4.11635135699751e-13	1	0	0	11	3814
PR01093	SULFNYLUR1	1.00000000000041	4.11635135699751e-13	1	0	0	11	3814
PR01451	SKCHANNEL	1.00000000000041	4.11635135699751e-13	1	0	0	11	3814
PR00052	FIBRILLARIN	1.00000000000041	4.11635135699751e-13	1	0	0	11	3814
PR00512	5HT1ARECEPTR	1.00000000000041	4.11635135699751e-13	1	0	0	11	3814
PR01895	WNT16PROTEIN	1.00000000000041	4.11635135699751e-13	1	0	0	11	3814
PR01631	NVDCCALPHA1	1.00000000000041	4.11635135699751e-13	1	0	0	11	3814
PR00443	GPROTEINAS	1.00000000000041	4.11635135699751e-13	1	0	0	11	3814
PR01875	ETOFAMILY	1.00000000000041	4.11635135699751e-13	1	0	0	11	3814
PR01581	KV31CHANNEL	1.00000000000041	4.11635135699751e-13	1	0	0	11	3814
PR01822	CCYSTOKININR	1.00000000000041	4.11635135699751e-13	1	0	0	11	3814
PR02022	AQUAPORIN10M	1.00000000000041	4.11635135699751e-13	1	0	0	11	3814
PR01178	GABAB2RECPTR	1.00000000000041	4.11635135699751e-13	1	0	0	11	3814
PR01041	TRNASYNTHMET	1.00000000000041	4.11635135699751e-13	1	0	0	11	3814
PR01669	TAPASIN	1.00000000000041	4.11635135699751e-13	1	0	0	11	3814
PR02049	PROTEINF36A	1.00000000000041	4.11635135699751e-13	1	0	0	11	3814
PR00510	NEBULIN	1.00000000000041	4.11635135699751e-13	1	0	0	11	3814
PR01492	KV6CHANNEL	1.00000000000041	4.11635135699751e-13	1	0	0	11	3814
PR01076	CALDESMON	1.00000000000041	4.11635135699751e-13	1	0	0	11	3814
PR02075	FIBSHEATHIP1	1.00000000000041	4.11635135699751e-13	1	0	0	11	3814
PR01845	WNT6PROTEIN	1.00000000000041	4.11635135699751e-13	1	0	0	11	3814
PR00628	INSULINRSI	1.00000000000041	4.11635135699751e-13	1	0	0	11	3814
PR01155	VIP2RECEPTOR	1.00000000000041	4.11635135699751e-13	1	0	0	11	3814
PR00868	DNAPOLI	1.00000000000041	4.11635135699751e-13	1	0	0	11	3814
PR01819	DESMOGLEIN	1.00000000000041	4.11635135699751e-13	1	0	0	11	3814
PR01658	MCMPROTEIN2	1.00000000000041	4.11635135699751e-13	1	0	0	11	3814
PR01589	CLAUDIN2	1.00000000000041	4.11635135699751e-13	1	0	0	11	3814
PR01713	NUCEPIMERASE	1.00000000000041	4.11635135699751e-13	1	0	0	11	3814
PR00474	GLU5KINASE	1.00000000000041	4.11635135699751e-13	1	0	0	11	3814
PR00062	RIBOSOMALL20	1.00000000000041	4.11635135699751e-13	1	0	0	11	3814
PR01893	WNT10PROTEIN	1.00000000000041	4.11635135699751e-13	1	0	0	11	3814
PR00965	OCULARALBNSM	1.00000000000041	4.11635135699751e-13	1	0	0	11	3814
PR01627	LCACHANNELB1	1.00000000000041	4.11635135699751e-13	1	0	0	11	3814
PR01532	CXCCHMKINER3	1.00000000000041	4.11635135699751e-13	1	0	0	11	3814
PR00824	HEPLIPASE	1.00000000000041	4.11635135699751e-13	1	0	0	11	3814
PR01183	RIBORDTASEM1	1.00000000000041	4.11635135699751e-13	1	0	0	11	3814
PR01509	KV12CHANNEL	1.00000000000041	4.11635135699751e-13	1	0	0	11	3814
PR01403	8OXTPHPHTASE	1.00000000000041	4.11635135699751e-13	1	0	0	11	3814
PR02056	PROTEINF105A	1.00000000000041	4.11635135699751e-13	1	0	0	11	3814
PR00985	TRNASYNTHLEU	1.00000000000041	4.11635135699751e-13	1	0	0	11	3814
PR01291	PROXISOMPAGR	1.00000000000041	4.11635135699751e-13	1	0	0	11	3814
PR00322	G10	1.00000000000041	4.11635135699751e-13	1	0	0	11	3814
PR00101	ATCASE	1.00000000000041	4.11635135699751e-13	1	0	0	11	3814
PR01315	BATTENIN	1.00000000000041	4.11635135699751e-13	1	0	0	11	3814
PR01674	GLYRALPHA1	1.00000000000041	4.11635135699751e-13	1	0	0	11	3814
PR01518	KV43CHANNEL	1.00000000000041	4.11635135699751e-13	1	0	0	11	3814
PR01314	P2X7RECEPTOR	1.00000000000041	4.11635135699751e-13	1	0	0	11	3814
PR00472	CASNKINASEII	1.00000000000041	4.11635135699751e-13	1	0	0	11	3814
PR00297	CHAPERONIN10	1.00000000000041	4.11635135699751e-13	1	0	0	11	3814
PR01829	PROTACHYKNIN	1.00000000000041	4.11635135699751e-13	1	0	0	11	3814
PR01294	INTRLEUKIN10	1.00000000000041	4.11635135699751e-13	1	0	0	11	3814
PR00447	NATRESASSCMP	1.00000000000041	4.11635135699751e-13	1	0	0	11	3814
PR02084	GOLM1CASC4	1.00000000000041	4.11635135699751e-13	1	0	0	11	3814
PR00418	TPI2FAMILY	1.00000000000041	4.11635135699751e-13	1	0	0	11	3814
PR01628	LCACHANNELB2	1.00000000000041	4.11635135699751e-13	1	0	0	11	3814
PR01642	TRPCHANNEL1	1.00000000000041	4.11635135699751e-13	1	0	0	11	3814
PR01475	PARKIN	1.00000000000041	4.11635135699751e-13	1	0	0	11	3814
PR01824	JANUSKINASE1	1.00000000000041	4.11635135699751e-13	1	0	0	11	3814
PR02025	AQUAPORIN12	1.00000000000041	4.11635135699751e-13	1	0	0	11	3814
PR01245	RAD1REC1	1.00000000000041	4.11635135699751e-13	1	0	0	11	3814
PR01821	DAPIT	1.00000000000041	4.11635135699751e-13	1	0	0	11	3814
PR00392	PROFILIN	1.00000000000041	4.11635135699751e-13	1	0	0	11	3814
PR02032	DEXMETHSNEIP	1.00000000000041	4.11635135699751e-13	1	0	0	11	3814
PR01790	SMP30FAMILY	1.00000000000041	4.11635135699751e-13	1	0	0	11	3814
PR01015	NRPEPTIDEY4R	1.00000000000041	4.11635135699751e-13	1	0	0	11	3814
PR00464	EP450II	1.00000000000041	4.11635135699751e-13	1	0	0	11	3814
PR01583	KV34CHANNEL	1.00000000000041	4.11635135699751e-13	1	0	0	11	3814
PR02105	INTSUBUNIT2	1.00000000000041	4.11635135699751e-13	1	0	0	11	3814
PR01461	KCNQ2CHANNEL	1.00000000000041	4.11635135699751e-13	1	0	0	11	3814
PR01970	TNFACTORR19L	1.00000000000041	4.11635135699751e-13	1	0	0	11	3814
PR01331	KIR61CHANNEL	1.00000000000041	4.11635135699751e-13	1	0	0	11	3814
PR01115	CLCHANNEL4	1.00000000000041	4.11635135699751e-13	1	0	0	11	3814
PR01995	UPF0595	1.00000000000041	4.11635135699751e-13	1	0	0	11	3814
PR01057	MTABOTROPC7R	1.00000000000041	4.11635135699751e-13	1	0	0	11	3814
PR01546	YEAST73DUF	1.00000000000041	4.11635135699751e-13	1	0	0	11	3814
PR00904	FRATAXIN	1.00000000000041	4.11635135699751e-13	1	0	0	11	3814
PR02040	CDK2IP	1.00000000000041	4.11635135699751e-13	1	0	0	11	3814
PR01738	RNABINDINGM8	1.00000000000041	4.11635135699751e-13	1	0	0	11	3814
PR01150	MELATONIN1CR	1.00000000000041	4.11635135699751e-13	1	0	0	11	3814
PR01968	TNFACTORR18	1.00000000000041	4.11635135699751e-13	1	0	0	11	3814
PR01405	TETRPHPHTASE	1.00000000000041	4.11635135699751e-13	1	0	0	11	3814
PR01031	ORPHNNPRCRSR	1.00000000000041	4.11635135699751e-13	1	0	0	11	3814
PR00972	RIBSOMALS12E	1.00000000000041	4.11635135699751e-13	1	0	0	11	3814
PR00613	MYOGLOBIN	1.00000000000041	4.11635135699751e-13	1	0	0	11	3814
PR01711	AIREGULATOR	1.00000000000041	4.11635135699751e-13	1	0	0	11	3814
PR02087	HAUSAUGMINL1	1.00000000000041	4.11635135699751e-13	1	0	0	11	3814
PR01357	INTRLEUKN1AB	1.00000000000041	4.11635135699751e-13	1	0	0	11	3814
PR01085	NAHEXCHNGR1	1.00000000000041	4.11635135699751e-13	1	0	0	11	3814
PR00298	CHAPERONIN60	1.00000000000041	4.11635135699751e-13	1	0	0	11	3814
PR00671	INHIBINBB	1.00000000000041	4.11635135699751e-13	1	0	0	11	3814
PR00537	MUOPIOIDR	1.00000000000041	4.11635135699751e-13	1	0	0	11	3814
PR00536	MELNOCYTESHR	1.00000000000041	4.11635135699751e-13	1	0	0	11	3814
PR00983	TRNASYNTHCYS	1.00000000000041	4.11635135699751e-13	1	0	0	11	3814
PR00651	5HT2BRECEPTR	1.00000000000041	4.11635135699751e-13	1	0	0	11	3814
PR00589	SOMATOSTTN3R	1.00000000000041	4.11635135699751e-13	1	0	0	11	3814
PR00528	GLCORTICOIDR	1.00000000000041	4.11635135699751e-13	1	0	0	11	3814
PR02088	HAUSAUGMINL2	1.00000000000041	4.11635135699751e-13	1	0	0	11	3814
PR00270	CALCITONINA	1.00000000000041	4.11635135699751e-13	1	0	0	11	3814
PR00986	TRNASYNTHVAL	1.00000000000041	4.11635135699751e-13	1	0	0	11	3814
PR00063	RIBOSOMALL27	1.00000000000041	4.11635135699751e-13	1	0	0	11	3814
PR00522	CANABINOID1R	1.00000000000041	4.11635135699751e-13	1	0	0	11	3814
PR00498	P47PHOX	1.00000000000041	4.11635135699751e-13	1	0	0	11	3814
PR00199	ANNEXINIII	1.00000000000041	4.11635135699751e-13	1	0	0	11	3814
PR01132	CONNEXINA1	1.00000000000041	4.11635135699751e-13	1	0	0	11	3814
PR01696	LCACHANNELB3	1.00000000000041	4.11635135699751e-13	1	0	0	11	3814
PR00112	ACYLPHPHTASE	1.00000000000041	4.11635135699751e-13	1	0	0	11	3814
PR01572	NPFFRECEPTR2	1.00000000000041	4.11635135699751e-13	1	0	0	11	3814
PR00137	LYSOZYME	1.00000000000041	4.11635135699751e-13	1	0	0	11	3814
PR00357	ANTIFREEZIII	1.00000000000041	4.11635135699751e-13	1	0	0	11	3814
PR01986	NOTCH3	1.00000000000041	4.11635135699751e-13	1	0	0	11	3814
PR00719	LMWPTPASE	1.00000000000041	4.11635135699751e-13	1	0	0	11	3814
PR01384	CLAUDIN11	1.00000000000041	4.11635135699751e-13	1	0	0	11	3814
PR01053	MTABOTROPC3R	1.00000000000041	4.11635135699751e-13	1	0	0	11	3814
PR01317	GDNFRALPHA1	1.00000000000041	4.11635135699751e-13	1	0	0	11	3814
PR01207	NAKCLTRNSPRT	1.00000000000041	4.11635135699751e-13	1	0	0	11	3814
PR01223	BRIDEOF7LESS	1.00000000000041	4.11635135699751e-13	1	0	0	11	3814
PR01061	MELNOCORTN3R	1.00000000000041	4.11635135699751e-13	1	0	0	11	3814
PR01672	GABAARRHO2	1.00000000000041	4.11635135699751e-13	1	0	0	11	3814
PR01500	TROPOELASTIN	1.00000000000041	4.11635135699751e-13	1	0	0	11	3814
PR01614	GABAARALPHA1	1.00000000000041	4.11635135699751e-13	1	0	0	11	3814
PR01350	CTRFAMILY	1.00000000000041	4.11635135699751e-13	1	0	0	11	3814
PR01684	EP450ICYP2A	1.00000000000041	4.11635135699751e-13	1	0	0	11	3814
PR01949	INTLKN15FISH	1.00000000000041	4.11635135699751e-13	1	0	0	11	3814
PR01014	NRPEPTIDEY2R	1.00000000000041	4.11635135699751e-13	1	0	0	11	3814
PR01584	TASK1CHANNEL	1.00000000000041	4.11635135699751e-13	1	0	0	11	3814
PR01861	ADAMTS8	1.00000000000041	4.11635135699751e-13	1	0	0	11	3814
PR00067	CATALASE	1.00000000000041	4.11635135699751e-13	1	0	0	11	3814
PR02091	HAUSAUGMINL5	1.00000000000041	4.11635135699751e-13	1	0	0	11	3814
PR01417	GHSRECEPTOR	1.00000000000041	4.11635135699751e-13	1	0	0	11	3814
PR00100	AOTCASE	1.00000000000041	4.11635135699751e-13	1	0	0	11	3814
PR01891	WNT7PROTEIN	1.00000000000041	4.11635135699751e-13	1	0	0	11	3814
PR00247	GPCRCAMP	1.00000000000041	4.11635135699751e-13	1	0	0	11	3814
PR01001	FADG3PDH	1.00000000000041	4.11635135699751e-13	1	0	0	11	3814
PR01062	MELNOCORTN4R	1.00000000000041	4.11635135699751e-13	1	0	0	11	3814
PR01443	TFIID30KDSUB	1.00000000000041	4.11635135699751e-13	1	0	0	11	3814
PR01888	NROPEPTIDEBW	1.00000000000041	4.11635135699751e-13	1	0	0	11	3814
PR01080	HYPOXIAIF1A	1.00000000000041	4.11635135699751e-13	1	0	0	11	3814
PR01426	TGFBETA3	1.00000000000041	4.11635135699751e-13	1	0	0	11	3814
PR01872	CLAUDIN12	1.00000000000041	4.11635135699751e-13	1	0	0	11	3814
PR01257	OTX2HOMEOBOX	1.00000000000041	4.11635135699751e-13	1	0	0	11	3814
PR01218	PSTLEXTENSIN	1.00000000000041	4.11635135699751e-13	1	0	0	11	3814
PR02094	HEXIMFAMILY	1.00000000000041	4.11635135699751e-13	1	0	0	11	3814
PR00246	SOMATOSTATNR	1.00000000000041	4.11635135699751e-13	1	0	0	11	3814
PR01135	CONNEXINA5	1.00000000000041	4.11635135699751e-13	1	0	0	11	3814
PR01517	KV42CHANNEL	1.00000000000041	4.11635135699751e-13	1	0	0	11	3814
PR01213	BSYNUCLEIN	1.00000000000041	4.11635135699751e-13	1	0	0	11	3814
PR01680	TNFACTORR6	1.00000000000041	4.11635135699751e-13	1	0	0	11	3814
PR00817	CALCITONINB	1.00000000000041	4.11635135699751e-13	1	0	0	11	3814
PR00547	XOPIOIDR	1.00000000000041	4.11635135699751e-13	1	0	0	11	3814
PR01351	CGRPRECEPTOR	1.00000000000041	4.11635135699751e-13	1	0	0	11	3814
PR01716	DEATHASSOCP3	1.00000000000041	4.11635135699751e-13	1	0	0	11	3814
PR01599	ZONOCCLUDNS2	1.00000000000041	4.11635135699751e-13	1	0	0	11	3814
PR00168	KCNECHANNEL	1.00000000000041	4.11635135699751e-13	1	0	0	11	3814
PR00197	ANNEXINI	1.00000000000041	4.11635135699751e-13	1	0	0	11	3814
PR02083	GKINASEAP1	1.00000000000041	4.11635135699751e-13	1	0	0	11	3814
PR01471	HISTAMINEH3R	1.00000000000041	4.11635135699751e-13	1	0	0	11	3814
PR00514	5HT1DRECEPTR	1.00000000000041	4.11635135699751e-13	1	0	0	11	3814
PR01250	RIBOSOMALL34	1.00000000000041	4.11635135699751e-13	1	0	0	11	3814
PR02089	HAUSAUGMINL3	1.00000000000041	4.11635135699751e-13	1	0	0	11	3814
PR01425	TGFBETA2	1.00000000000041	4.11635135699751e-13	1	0	0	11	3814
PR01449	BKCHANNELA	1.00000000000041	4.11635135699751e-13	1	0	0	11	3814
PR01576	PDEFORMYLASE	1.00000000000041	4.11635135699751e-13	1	0	0	11	3814
PR00414	PPTHIESTRASE	1.00000000000041	4.11635135699751e-13	1	0	0	11	3814
PR00646	RDC1ORPHANR	1.00000000000041	4.11635135699751e-13	1	0	0	11	3814
PR01522	OREXIN2R	1.00000000000041	4.11635135699751e-13	1	0	0	11	3814
PR00125	ATPASEDELTA	1.00000000000041	4.11635135699751e-13	1	0	0	11	3814
PR00093	URICASE	1.00000000000041	4.11635135699751e-13	1	0	0	11	3814
PR01854	BR22PROTEIN	1.00000000000041	4.11635135699751e-13	1	0	0	11	3814
PR01597	ZONOCCLUDNS	1.00000000000041	4.11635135699751e-13	1	0	0	11	3814
PR00527	GASTRINR	1.00000000000041	4.11635135699751e-13	1	0	0	11	3814
PR00289	DISINTEGRIN	1.00000000000041	4.11635135699751e-13	1	0	0	11	3814
PR00728	SIGNALPTASE	1.00000000000041	4.11635135699751e-13	1	0	0	11	3814
PR00413	HADHALOGNASE	1.00000000000041	4.11635135699751e-13	1	0	0	11	3814
PR00629	SHCPIDOMAIN	1.00000000000041	4.11635135699751e-13	1	0	0	11	3814
PR00982	TRNASYNTHLYS	1.00000000000041	4.11635135699751e-13	1	0	0	11	3814
PR00654	ANGIOTENSNGN	1.00000000000041	4.11635135699751e-13	1	0	0	11	3814
PR01644	TRPCHANNEL3	1.00000000000041	4.11635135699751e-13	1	0	0	11	3814
PR01187	ANIONEXHNGR1	1.00000000000041	4.11635135699751e-13	1	0	0	11	3814
PR00715	MAN6PRECEPTR	1.00000000000041	4.11635135699751e-13	1	0	0	11	3814
PR01365	TELOMERASERT	1.00000000000041	4.11635135699751e-13	1	0	0	11	3814
PR00202	ANNEXINVI	1.00000000000041	4.11635135699751e-13	1	0	0	11	3814
PR00530	HISTAMINEH1R	1.00000000000041	4.11635135699751e-13	1	0	0	11	3814
PR00076	6PGDHDRGNASE	1.00000000000041	4.11635135699751e-13	1	0	0	11	3814
PR01046	TRNASYNTHPRO	1.00000000000041	4.11635135699751e-13	1	0	0	11	3814
PR01308	P2X1RECEPTOR	1.00000000000041	4.11635135699751e-13	1	0	0	11	3814
PR01928	INTRLEUKN12B	1.00000000000041	4.11635135699751e-13	1	0	0	11	3814
PR01661	MCMPROTEIN5	1.00000000000041	4.11635135699751e-13	1	0	0	11	3814
PR01769	VRL2RECEPTOR	1.00000000000041	4.11635135699751e-13	1	0	0	11	3814
PR01620	GABAARGAMMA	1.00000000000041	4.11635135699751e-13	1	0	0	11	3814
PR01474	VCAM1	1.00000000000041	4.11635135699751e-13	1	0	0	11	3814
PR01881	LBHPROTEIN	1.00000000000041	4.11635135699751e-13	1	0	0	11	3814
PR00712	BNATPEPTIDE	1.00000000000041	4.11635135699751e-13	1	0	0	11	3814
PR01912	BDNFACTOR	1.00000000000041	4.11635135699751e-13	1	0	0	11	3814
PR01607	APYRASEFAMLY	1.00000000000041	4.11635135699751e-13	1	0	0	11	3814
PR00627	GTPRANTC4	1.00000000000041	4.11635135699751e-13	1	0	0	11	3814
PR02100	GENEIEX1	1.00000000000041	4.11635135699751e-13	1	0	0	11	3814
PR01551	SPO11HOMOLOG	1.00000000000041	4.11635135699751e-13	1	0	0	11	3814
PR02038	AURORABORA	1.00000000000041	4.11635135699751e-13	1	0	0	11	3814
PR01860	ADAMTS5	1.00000000000041	4.11635135699751e-13	1	0	0	11	3814
PR01164	GAMMATUBULIN	1.00000000000041	4.11635135699751e-13	1	0	0	11	3814
PR01663	MCMPROTEIN7	1.00000000000041	4.11635135699751e-13	1	0	0	11	3814
PR01602	VDCCGAMMA2	1.00000000000041	4.11635135699751e-13	1	0	0	11	3814
PR00139	ASNGLNASE	1.00000000000041	4.11635135699751e-13	1	0	0	11	3814
PR00670	INHIBINBA	1.00000000000041	4.11635135699751e-13	1	0	0	11	3814
PR01064	OREXINR	1.00000000000041	4.11635135699751e-13	1	0	0	11	3814
PR01252	AMPHIPHYSIN1	1.00000000000041	4.11635135699751e-13	1	0	0	11	3814
PR00720	MAMMALPTPASE	1.00000000000041	4.11635135699751e-13	1	0	0	11	3814
PR01279	CRFRECEPTOR	1.00000000000041	4.11635135699751e-13	1	0	0	11	3814
PR00272	ERYTHROPTN	1.00000000000041	4.11635135699751e-13	1	0	0	11	3814
PR00706	PYROGLUPTASE	1.00000000000041	4.11635135699751e-13	1	0	0	11	3814
PR01144	LSHRECEPTOR	1.00000000000041	4.11635135699751e-13	1	0	0	11	3814
PR01348	ICLNCHANNEL	1.00000000000041	4.11635135699751e-13	1	0	0	11	3814
PR01356	GFGPROTEIN	1.00000000000041	4.11635135699751e-13	1	0	0	11	3814
PR01971	TNFACTORR21	1.00000000000041	4.11635135699751e-13	1	0	0	11	3814
PR01937	INTRLEUKIN24	1.00000000000041	4.11635135699751e-13	1	0	0	11	3814
PR00975	RIBOSOMALS19	1.00000000000041	4.11635135699751e-13	1	0	0	11	3814
PR01502	UXTPROTEIN	1.00000000000041	4.11635135699751e-13	1	0	0	11	3814
PR01703	MNSODISMTASE	1.00000000000041	4.11635135699751e-13	1	0	0	11	3814
PR00108	THYMDSNTHASE	1.00000000000041	4.11635135699751e-13	1	0	0	11	3814
PR01000	SREBPS2PTASE	1.00000000000041	4.11635135699751e-13	1	0	0	11	3814
PR01121	FMOXYGENASE1	1.00000000000041	4.11635135699751e-13	1	0	0	11	3814
PR01940	NTKRECEPTOR1	1.00000000000041	4.11635135699751e-13	1	0	0	11	3814
PR01749	AP2ATNSCPFCT	1.00000000000041	4.11635135699751e-13	1	0	0	11	3814
PR00882	RIBOSOMALL7A	1.00000000000041	4.11635135699751e-13	1	0	0	11	3814
PR00539	MUSCRINICM2R	1.00000000000041	4.11635135699751e-13	1	0	0	11	3814
PR02052	ABRAXAS	1.00000000000041	4.11635135699751e-13	1	0	0	11	3814
PR01256	OTX1HOMEOBOX	1.00000000000041	4.11635135699751e-13	1	0	0	11	3814
PR01675	GLYRALPHA2	1.00000000000041	4.11635135699751e-13	1	0	0	11	3814
PR00893	RABESCORT	1.00000000000041	4.11635135699751e-13	1	0	0	11	3814
PR01246	RAD1REPAIR	1.00000000000041	4.11635135699751e-13	1	0	0	11	3814
PR00162	RIESKE	1.00000000000041	4.11635135699751e-13	1	0	0	11	3814
PR01432	RABAPTIN	1.00000000000041	4.11635135699751e-13	1	0	0	11	3814
PR02012	RCMTNOP2	1.00000000000041	4.11635135699751e-13	1	0	0	11	3814
PR00714	MAN6PISMRASE	1.00000000000041	4.11635135699751e-13	1	0	0	11	3814
PR00518	5HT5ARECEPTR	1.00000000000041	4.11635135699751e-13	1	0	0	11	3814
PR01876	MTG8PROTEIN	1.00000000000041	4.11635135699751e-13	1	0	0	11	3814
PR02055	PROTEINF105	1.00000000000041	4.11635135699751e-13	1	0	0	11	3814
PR00339	PCNACYCLIN	1.00000000000041	4.11635135699751e-13	1	0	0	11	3814
PR00666	PINOPSIN	1.00000000000041	4.11635135699751e-13	1	0	0	11	3814
PR01118	CLCHANNEL7	1.00000000000041	4.11635135699751e-13	1	0	0	11	3814
PR00073	COPRGNOXDASE	1.00000000000041	4.11635135699751e-13	1	0	0	11	3814
PR01224	DELTATUBULIN	1.00000000000041	4.11635135699751e-13	1	0	0	11	3814
PR00766	CUDAOXIDASE	1.00000000000041	4.11635135699751e-13	1	0	0	11	3814
PR01791	REGUCALCIN	1.00000000000041	4.11635135699751e-13	1	0	0	11	3814
PR01660	MCMPROTEIN4	1.00000000000041	4.11635135699751e-13	1	0	0	11	3814
PR00402	TECBTKDOMAIN	1.00000000000041	4.11635135699751e-13	1	0	0	11	3814
PR00425	BRADYKININR	1.00000000000041	4.11635135699751e-13	1	0	0	11	3814
PR02005	INSLNLIKEGF1	1.00000000000041	4.11635135699751e-13	1	0	0	11	3814
PR01985	NOTCH2	1.00000000000041	4.11635135699751e-13	1	0	0	11	3814
PR00494	FANCONICGENE	1.00000000000041	4.11635135699751e-13	1	0	0	11	3814
PR01519	EPSLNTUBULIN	1.00000000000041	4.11635135699751e-13	1	0	0	11	3814
PR00990	RIBOKINASE	1.00000000000041	4.11635135699751e-13	1	0	0	11	3814
PR01844	WNT4PROTEIN	1.00000000000041	4.11635135699751e-13	1	0	0	11	3814
PR01214	GSYNUCLEIN	1.00000000000041	4.11635135699751e-13	1	0	0	11	3814
PR01848	U2AUXFACTOR	1.00000000000041	4.11635135699751e-13	1	0	0	11	3814
PR01701	CD164ANTIGEN	1.00000000000041	4.11635135699751e-13	1	0	0	11	3814
PR01901	WIFPROTEIN	1.00000000000041	4.11635135699751e-13	1	0	0	11	3814
PR00932	AMINO1PTASE	1.00000000000041	4.11635135699751e-13	1	0	0	11	3814
PR00477	PHGLYCKINASE	1.00000000000041	4.11635135699751e-13	1	0	0	11	3814
PR00791	PEPDIPTASEA	1.00000000000041	4.11635135699751e-13	1	0	0	11	3814
PR01505	PROTHROMBIN	1.00000000000041	4.11635135699751e-13	1	0	0	11	3814
PR00497	P40PHOX	1.00000000000041	4.11635135699751e-13	1	0	0	11	3814
PR00147	DNAPHOTLYASE	1.00000000000041	4.11635135699751e-13	1	0	0	11	3814
PR00144	DALDHYDRTASE	1.00000000000041	4.11635135699751e-13	1	0	0	11	3814
PR01930	INTRLEUKIN15	1.00000000000041	4.11635135699751e-13	1	0	0	11	3814
PR02090	HAUSAUGMINL4	1.00000000000041	4.11635135699751e-13	1	0	0	11	3814
PR00217	POSTSYNAPTIC	1.00000000000041	4.11635135699751e-13	1	0	0	11	3814
PR00344	BCTRLSENSOR	1.00000000000041	4.11635135699751e-13	1	0	0	11	3814
PR00274	GLYCOHORMONE	1.00000000000041	4.11635135699751e-13	1	0	0	11	3814
PR00061	RIBOSOMALL19	1.00000000000041	4.11635135699751e-13	1	0	0	11	3814
PR02065	PROTEINDPCD	1.00000000000041	4.11635135699751e-13	1	0	0	11	3814
PR00571	ENDOTHELINBR	1.00000000000041	4.11635135699751e-13	1	0	0	11	3814
PR02053	BRISCABRO1	1.00000000000041	4.11635135699751e-13	1	0	0	11	3814
PR01137	CONNEXINA8	1.00000000000041	4.11635135699751e-13	1	0	0	11	3814
PR00306	SERUMAMYLOID	1.00000000000041	4.11635135699751e-13	1	0	0	11	3814
PR01969	TNFACTORR19	1.00000000000041	4.11635135699751e-13	1	0	0	11	3814
PR00135	LYZLACT	1.00000000000041	4.11635135699751e-13	1	0	0	11	3814
PR00603	CYTOCHROMEC1	1.00000000000041	4.11635135699751e-13	1	0	0	11	3814
PR00143	CITRTSNTHASE	1.00000000000041	4.11635135699751e-13	1	0	0	11	3814
PR01208	NAKCLTRSPRT1	1.00000000000041	4.11635135699751e-13	1	0	0	11	3814
PR00852	XRODRMPGMNTD	1.00000000000041	4.11635135699751e-13	1	0	0	11	3814
PR00154	AMPBINDING	1.00000000000041	4.11635135699751e-13	1	0	0	11	3814
PR01424	TGFBETA1	1.00000000000041	4.11635135699751e-13	1	0	0	11	3814
PR02068	VOPPROTEIN1	1.00000000000041	4.11635135699751e-13	1	0	0	11	3814
PR01047	TRNASYNTHTHR	1.00000000000041	4.11635135699751e-13	1	0	0	11	3814
PR02051	PROTEINF175	1.00000000000041	4.11635135699751e-13	1	0	0	11	3814
PR00860	MTVERTEBRATE	1.00000000000041	4.11635135699751e-13	1	0	0	11	3814
PR02011	RCMTNCL1	1.00000000000041	4.11635135699751e-13	1	0	0	11	3814
PR00212	MYELINMBP	1.00000000000041	4.11635135699751e-13	1	0	0	11	3814
PR00795	RYANODINER	1.00000000000041	4.11635135699751e-13	1	0	0	11	3814
PR00513	5HT1BRECEPTR	1.00000000000041	4.11635135699751e-13	1	0	0	11	3814
PR01232	NAHCO3TRSPRT	1.00000000000041	4.11635135699751e-13	1	0	0	11	3814
PR02031	CYSSERRICHNP	1.00000000000041	4.11635135699751e-13	1	0	0	11	3814
PR00410	PHEHYDRXLASE	1.00000000000041	4.11635135699751e-13	1	0	0	11	3814
PR01635	LVDCCALPHA1C	1.00000000000041	4.11635135699751e-13	1	0	0	11	3814
PR01433	POLYCYSTIN2	1.00000000000041	4.11635135699751e-13	1	0	0	11	3814
PR00127	CLPPROTEASEP	1.00000000000041	4.11635135699751e-13	1	0	0	11	3814
PR01831	TRACEAMINE1R	1.00000000000041	4.11635135699751e-13	1	0	0	11	3814
PR01601	VDCCGAMMA1	1.00000000000041	4.11635135699751e-13	1	0	0	11	3814
PR00644	GPRORPHANR	1.00000000000041	4.11635135699751e-13	1	0	0	11	3814
PR00604	CYTCHRMECIAB	1.00000000000041	4.11635135699751e-13	1	0	0	11	3814
PR01841	WNT1PROTEIN	1.00000000000041	4.11635135699751e-13	1	0	0	11	3814
PR00098	CPSASE	1.00000000000041	4.11635135699751e-13	1	0	0	11	3814
PR01550	TOP6AFAMILY	1.00000000000041	4.11635135699751e-13	1	0	0	11	3814
PR01670	GABAARRHO	1.00000000000041	4.11635135699751e-13	1	0	0	11	3814
PR01204	GLY1TRNSPORT	1.00000000000041	4.11635135699751e-13	1	0	0	11	3814
PR01868	ABCEFAMILY	1.00000000000041	4.11635135699751e-13	1	0	0	11	3814
PR01156	PACAPRECEPTR	1.00000000000041	4.11635135699751e-13	1	0	0	11	3814
PR00126	ATPASEGAMMA	1.00000000000041	4.11635135699751e-13	1	0	0	11	3814
PR01979	IGFBPFAMILY3	1.00000000000041	4.11635135699751e-13	1	0	0	11	3814
PR00565	DOPAMINED1AR	1.00000000000041	4.11635135699751e-13	1	0	0	11	3814
PR00727	LEADERPTASE	1.00000000000041	4.11635135699751e-13	1	0	0	11	3814
PR01653	TCTPROTEIN	1.00000000000041	4.11635135699751e-13	1	0	0	11	3814
PR00984	TRNASYNTHILE	1.00000000000041	4.11635135699751e-13	1	0	0	11	3814
PR02043	CANCERSCCP1	1.00000000000041	4.11635135699751e-13	1	0	0	11	3814
PR01894	WNT14PROTEIN	1.00000000000041	4.11635135699751e-13	1	0	0	11	3814
PR01516	KV41CHANNEL	1.00000000000041	4.11635135699751e-13	1	0	0	11	3814
PR02107	INOS145TPRIP	1.00000000000041	4.11635135699751e-13	1	0	0	11	3814
PR00971	RIBOSOMALS10	1.00000000000041	4.11635135699751e-13	1	0	0	11	3814
PR01160	GABAARBETA	1.00000000000041	4.11635135699751e-13	1	0	0	11	3814
PR00491	VASOACTVEIPR	1.00000000000041	4.11635135699751e-13	1	0	0	11	3814
PR01421	GPR37ORPHANR	1.00000000000041	4.11635135699751e-13	1	0	0	11	3814
PR01688	EP450ICYP2J	1.00000000000041	4.11635135699751e-13	1	0	0	11	3814
PR00552	ADENOSINEA1R	1.00000000000041	4.11635135699751e-13	1	0	0	11	3814
PR00979	TAFAZZIN	1.00000000000041	4.11635135699751e-13	1	0	0	11	3814
PR01167	INSADHFAMILY	1.00000000000041	4.11635135699751e-13	1	0	0	11	3814
PR00264	INTERLEUKIN1	1.00000000000041	4.11635135699751e-13	1	0	0	11	3814
PR01750	AP2BTNSCPFCT	1.00000000000041	4.11635135699751e-13	1	0	0	11	3814
PR02106	INTSUBUNIT10	1.00000000000041	4.11635135699751e-13	1	0	0	11	3814
PR01533	CYSLTRECPTR	1.00000000000041	4.11635135699751e-13	1	0	0	11	3814
PR00887	SSRCOGNITION	1.00000000000041	4.11635135699751e-13	1	0	0	11	3814
PR00980	TRNASYNTHALA	1.00000000000041	4.11635135699751e-13	1	0	0	11	3814
PR01332	KIR62CHANNEL	1.00000000000041	4.11635135699751e-13	1	0	0	11	3814
PR01311	P2X4RECEPTOR	1.00000000000041	4.11635135699751e-13	1	0	0	11	3814
PR00106	DNAPOLB	1.00000000000041	4.11635135699751e-13	1	0	0	11	3814
PR01055	MTABOTROPC5R	1.00000000000041	4.11635135699751e-13	1	0	0	11	3814
PR01081	KCLTRNSPORT	1.00000000000041	4.11635135699751e-13	1	0	0	11	3814
PR01833	VEGFRECEPTR1	1.00000000000041	4.11635135699751e-13	1	0	0	11	3814
PR01966	TNFACTORR16	1.00000000000041	4.11635135699751e-13	1	0	0	11	3814
PR01051	MTABOTROPC1R	1.00000000000041	4.11635135699751e-13	1	0	0	11	3814
PR01611	LIMPII	1.00000000000041	4.11635135699751e-13	1	0	0	11	3814
PR00973	RIBOSOMALS17	1.00000000000041	4.11635135699751e-13	1	0	0	11	3814
PR00192	FACTINCAPB	1.00000000000041	4.11635135699751e-13	1	0	0	11	3814
PR01765	ECACCHANNEL	1.00000000000041	4.11635135699751e-13	1	0	0	11	3814
PR01724	GABAARPI	1.00000000000041	4.11635135699751e-13	1	0	0	11	3814
PR00422	TRANSFERRIN	1.00000000000046	4.64969866365486e-13	3	0	0	11	3814
PR01088	NAHEXCHNGR6	1.00000000000046	4.64969866365486e-13	3	0	0	11	3814
PR01839	RAD23PROTEIN	1.00000000000046	4.64969866365486e-13	3	0	0	11	3814
PR00203	AMYLOIDA4	1.00000000000046	4.64969866365486e-13	3	0	0	11	3814
PR01087	NAHEXCHNGR3	1.00000000000046	4.64969866365486e-13	3	0	0	11	3814
PR00124	ATPASEC	1.00000000000046	4.64969866365486e-13	3	0	0	11	3814
PR00269	PTNMIDKINE	1.00000000000046	4.64969866365486e-13	3	0	0	11	3814
PR01423	TGFBETA	1.00000000000046	4.64969866365486e-13	3	0	0	11	3814
PR00767	DBMONOXGNASE	1.00000000000046	4.64969866365486e-13	3	0	0	11	3814
PR01130	DERENTRNSPRT	1.00000000000046	4.64969866365486e-13	3	0	0	11	3814
PR00502	NUDIXFAMILY	1.00000000000046	4.64969866365486e-13	3	0	0	11	3814
PR00930	HIGHMOBLTYIY	1.00000000000046	4.64969866365486e-13	3	0	0	11	3814
PR01149	MELATONIN1AR	1.00000000000046	4.64969866365486e-13	3	0	0	11	3814
PR00967	ONCOGENEAML1	1.00000000000046	4.64969866365486e-13	3	0	0	11	3814
PR01049	PHOSPHBKNASE	1.00000000000046	4.64969866365486e-13	3	0	0	11	3814
PR01035	TCRTETA	1.00000000000046	4.64969866365486e-13	3	0	0	11	3814
PR00189	TRNSTHYRETIN	1.00000000000046	4.64969866365486e-13	3	0	0	11	3814
PR01823	JANUSKINASE	1.00000000000046	4.64969866365486e-13	3	0	0	11	3814
PR00481	LAMNOPPTDASE	1.00000000000046	4.64969866365486e-13	3	0	0	11	3814
PR00747	GLYHDRLASE47	1.00000000000046	4.64969866365486e-13	3	0	0	11	3814
PR00741	GLHYDRLASE29	1.00000000000046	4.64969866365486e-13	3	0	0	11	3814
PR01368	SYNAPSIN	1.00000000000046	4.64969866365486e-13	3	0	0	11	3814
PR00057	NFKBTNSCPFCT	1.00000000000046	4.64969866365486e-13	3	0	0	11	3814
PR00050	COLDSHOCK	1.00000000000046	4.64969866365486e-13	3	0	0	11	3814
PR01772	JNKMAPKINASE	1.00000000000046	4.64969866365486e-13	3	0	0	11	3814
PR01182	ORNDCRBXLASE	1.00000000000046	4.64969866365486e-13	3	0	0	11	3814
PR01892	WNT8PROTEIN	1.00000000000046	4.64969866365486e-13	3	0	0	11	3814
PR01464	EAGCHANNEL	1.00000000000046	4.64969866365486e-13	3	0	0	11	3814
PR00786	NEPRILYSIN	1.00000000000046	4.64969866365486e-13	3	0	0	11	3814
PR01219	APOLIPOPROTD	1.00000000000046	4.64969866365486e-13	3	0	0	11	3814
PR00677	PHOSDUCIN	1.00000000000046	4.64969866365486e-13	3	0	0	11	3814
PR00006	COFILIN	1.00000000000046	4.64969866365486e-13	3	0	0	11	3814
PR01742	SEPTIN7	1.00000000000046	4.64969866365486e-13	3	0	0	11	3814
PR01050	PYRUVTKNASE	1.00000000000046	4.64969866365486e-13	3	0	0	11	3814
PR00131	GLHYDRLASE1	1.00000000000046	4.64969866365486e-13	3	0	0	11	3814
PR00660	ERLUMENR	1.00000000000046	4.64969866365486e-13	3	0	0	11	3814
PR01850	GROUCHOFAMLY	1.00000000000046	4.64969866365486e-13	3	0	0	11	3814
PR02020	AQUAPORIN8	1.00000000000046	4.64969866365486e-13	3	0	0	11	3814
PR00160	GLUTAREDOXIN	1.00000000000046	4.64969866365486e-13	3	0	0	11	3814
PR01271	HISDACETLASE	1.00000000000046	4.64969866365486e-13	3	0	0	11	3814
PR00642	EDG1RECEPTOR	1.00000000000046	4.64969866365486e-13	3	0	0	11	3814
PR00686	TIFACTORIID	1.00000000000046	4.64969866365486e-13	3	0	0	11	3814
PR00469	PNDRDTASEII	1.00000000000046	4.64969866365486e-13	3	0	0	11	3814
PR01287	NURRNUCRCPTR	1.00000000000046	4.64969866365486e-13	3	0	0	11	3814
PR01527	LPARECEPTOR	1.00000000000046	4.64969866365486e-13	3	0	0	11	3814
PR00110	ALPHAAMYLASE	1.00000000000046	4.64969866365486e-13	3	0	0	11	3814
PR01760	DISHEVELLED	1.00000000000046	4.64969866365486e-13	3	0	0	11	3814
PR00092	TYROSINASE	1.00000000000046	4.64969866365486e-13	3	0	0	11	3814
PR00072	MALOXRDTASE	1.00000000000046	4.64969866365486e-13	3	0	0	11	3814
PR01939	NTKRECEPTOR	1.00000000000046	4.64969866365486e-13	3	0	0	11	3814
PR01683	EP450ICYP1A	1.00000000000046	4.64969866365486e-13	3	0	0	11	3814
PR02059	JAGGEDFAMILY	1.00000000000046	4.64969866365486e-13	3	0	0	11	3814
PR01543	ANATRNSFRASE	1.00000000000046	4.64969866365486e-13	3	0	0	11	3814
PR00312	CALSEQUESTRN	1.00000000000046	4.64969866365486e-13	3	0	0	11	3814
PR00805	ALPHACATENIN	1.00000000000046	4.64969866365486e-13	3	0	0	11	3814
PR00878	CHOLNESTRASE	1.00000000000046	4.64969866365486e-13	3	0	0	11	3814
PR00685	TIFACTORIIB	1.00000000000046	4.64969866365486e-13	3	0	0	11	3814
PR01497	SHALCHANNEL	1.00000000000046	4.64969866365486e-13	3	0	0	11	3814
PR01472	ICAMVCAM1	1.00000000000046	4.64969866365486e-13	3	0	0	11	3814
PR01609	CD36FAMILY	1.00000000000046	4.64969866365486e-13	3	0	0	11	3814
PR01869	BCATNINFAMLY	1.00000000000046	4.64969866365486e-13	3	0	0	11	3814
PR01932	INTRLEUKIN17	1.00000000000046	4.64969866365486e-13	3	0	0	11	3814
PR00511	TEKTIN	1.00000000000046	4.64969866365486e-13	3	0	0	11	3814
PR00122	VACATPASE	1.00000000000046	4.64969866365486e-13	3	0	0	11	3814
PR00476	PHFRCTKINASE	1.00000000000046	4.64969866365486e-13	3	0	0	11	3814
PR00567	DOPAMINED2R	1.00000000000046	4.64969866365486e-13	3	0	0	11	3814
PR00853	XPGRADSUPER	1.00000000000046	4.64969866365486e-13	3	0	0	11	3814
PR01148	EDG2RECEPTOR	1.00000000000046	4.64969866365486e-13	3	0	0	11	3814
PR01179	ODADCRBXLASE	1.00000000000046	4.64969866365486e-13	3	0	0	11	3814
PR00373	GLYCHORMONER	1.00000000000046	4.64969866365486e-13	3	0	0	11	3814
PR00243	MUSCARINICR	1.00000000000046	4.64969866365486e-13	3	0	0	11	3814
PR00116	ARGINASE	1.00000000000046	4.64969866365486e-13	3	0	0	11	3814
PR00366	ENDOTHELINR	1.00000000000046	4.64969866365486e-13	3	0	0	11	3814
PR00569	DOPAMINED4R	1.00000000000046	4.64969866365486e-13	3	0	0	11	3814
PR00987	TRNASYNTHGLU	1.00000000000046	4.64969866365486e-13	3	0	0	11	3814
PR00883	NUCLEARHMG	1.00000000000046	4.64969866365486e-13	3	0	0	11	3814
PR00679	PROHIBITIN	1.00000000000046	4.64969866365486e-13	3	0	0	11	3814
PR00586	PRSTNOIDEP4R	1.00000000000046	4.64969866365486e-13	3	0	0	11	3814
PR01267	GSTRNSFRASEM	1.00000000000046	4.64969866365486e-13	3	0	0	11	3814
PR00386	P53SUPPRESSR	1.00000000000046	4.64969866365486e-13	3	0	0	11	3814
PR00268	NGF	1.00000000000046	4.64969866365486e-13	3	0	0	11	3814
PR00068	CUZNDISMTASE	1.00000000000046	4.64969866365486e-13	3	0	0	11	3814
PR00377	IMPHPHTASES	1.00000000000046	4.64969866365486e-13	3	0	0	11	3814
PR00317	EPENDYMIN	1.00000000000046	4.64969866365486e-13	3	0	0	11	3814
PR01206	ORPHTRNSPORT	1.00000000000046	4.64969866365486e-13	3	0	0	11	3814
PR00724	CRBOXYPTASEC	1.00000000000046	4.64969866365486e-13	3	0	0	11	3814
PR00892	RABGDI	1.00000000000046	4.64969866365486e-13	3	0	0	11	3814
PR00115	F16BPHPHTASE	1.00000000000046	4.64969866365486e-13	3	0	0	11	3814
PR00149	FUMRATELYASE	1.00000000000046	4.64969866365486e-13	3	0	0	11	3814
PR01842	WNT2PROTEIN	1.00000000000046	4.64969866365486e-13	3	0	0	11	3814
PR00815	PIHAEM	1.00000000000046	4.64969866365486e-13	3	0	0	11	3814
PR01266	GSTRNSFRASEA	1.00000000000046	4.64969866365486e-13	3	0	0	11	3814
PR01079	GABAARALPHA	1.00000000000046	4.64969866365486e-13	3	0	0	11	3814
PR01211	SYNUCLEIN	1.00000000000046	4.64969866365486e-13	3	0	0	11	3814
PR00007	COMPLEMNTC1Q	1.00000000000082	8.23436761356004e-13	27	0	0	11	3814
PR01851	CYSFIBREGLTR	1.00000000000104	1.03949473337296e-12	2	0	0	11	3814
PR01807	ANGIOMOTIN	1.00000000000104	1.03949473337296e-12	2	0	0	11	3814
PR00266	INTERFERONAB	1.00000000000104	1.03949473337296e-12	2	0	0	11	3814
PR00201	ANNEXINV	1.00000000000104	1.03949473337296e-12	2	0	0	11	3814
PR00049	WILMSTUMOUR	1.00000000000104	1.03949473337296e-12	2	0	0	11	3814
PR01771	ERK3ERK4MAPK	1.00000000000104	1.03949473337296e-12	2	0	0	11	3814
PR00071	HMGCOARDTASE	1.00000000000104	1.03949473337296e-12	2	0	0	11	3814
PR00415	ACONITASE	1.00000000000104	1.03949473337296e-12	2	0	0	11	3814
PR01906	FISHGLOBIN	1.00000000000104	1.03949473337296e-12	2	0	0	11	3814
PR01309	P2X2RECEPTOR	1.00000000000104	1.03949473337296e-12	2	0	0	11	3814
PR01039	TRNASYNTHTRP	1.00000000000104	1.03949473337296e-12	2	0	0	11	3814
PR00676	MASPIN	1.00000000000104	1.03949473337296e-12	2	0	0	11	3814
PR00056	HSFDOMAIN	1.00000000000104	1.03949473337296e-12	2	0	0	11	3814
PR02095	TRNSPORTRHRG	1.00000000000104	1.03949473337296e-12	2	0	0	11	3814
PR01038	TRNASYNTHARG	1.00000000000104	1.03949473337296e-12	2	0	0	11	3814
PR00343	SELECTIN	1.00000000000104	1.03949473337296e-12	2	0	0	11	3814
PR00070	DHFR	1.00000000000104	1.03949473337296e-12	2	0	0	11	3814
PR00473	GALCTOKINASE	1.00000000000104	1.03949473337296e-12	2	0	0	11	3814
PR01029	PENKAPRCRSR	1.00000000000104	1.03949473337296e-12	2	0	0	11	3814
PR00078	G3PDHDRGNASE	1.00000000000104	1.03949473337296e-12	2	0	0	11	3814
PR01470	ERGCHANNEL	1.00000000000104	1.03949473337296e-12	2	0	0	11	3814
PR00560	ADRENRGCA2CR	1.00000000000104	1.03949473337296e-12	2	0	0	11	3814
PR01610	CD36ANTIGEN	1.00000000000104	1.03949473337296e-12	2	0	0	11	3814
PR01588	THIKCHANNEL	1.00000000000104	1.03949473337296e-12	2	0	0	11	3814
PR01625	GSTRNSFRASEO	1.00000000000104	1.03949473337296e-12	2	0	0	11	3814
PR01063	MELNOCORTN5R	1.00000000000104	1.03949473337296e-12	2	0	0	11	3814
PR01459	KCNQCHANNEL	1.00000000000104	1.03949473337296e-12	2	0	0	11	3814
PR01740	SEPTIN2	1.00000000000104	1.03949473337296e-12	2	0	0	11	3814
PR01586	TWIKCHANNEL	1.00000000000104	1.03949473337296e-12	2	0	0	11	3814
PR00710	NATPEPTIDES	1.00000000000104	1.03949473337296e-12	2	0	0	11	3814
PR01873	CYTCOXIDASE4	1.00000000000104	1.03949473337296e-12	2	0	0	11	3814
PR00383	MELANOCORTIN	1.00000000000104	1.03949473337296e-12	2	0	0	11	3814
PR00800	YHDCRBOXLASE	1.00000000000104	1.03949473337296e-12	2	0	0	11	3814
PR01982	IGFBPFAMILY6	1.00000000000104	1.03949473337296e-12	2	0	0	11	3814
PR01096	TWIK1CHANNEL	1.00000000000104	1.03949473337296e-12	2	0	0	11	3814
PR01950	LANCSUPER	1.00000000000104	1.03949473337296e-12	2	0	0	11	3814
PR00981	TRNASYNTHSER	1.00000000000104	1.03949473337296e-12	2	0	0	11	3814
PR00393	PTRHORMONER	1.00000000000104	1.03949473337296e-12	2	0	0	11	3814
PR00355	ADRENODOXIN	1.00000000000104	1.03949473337296e-12	2	0	0	11	3814
PR00850	GLHYDRLASE59	1.00000000000104	1.03949473337296e-12	2	0	0	11	3814
PR02073	FOLLICULNIP1	1.00000000000104	1.03949473337296e-12	2	0	0	11	3814
PR00794	RIBONUCLEASE	1.00000000000104	1.03949473337296e-12	2	0	0	11	3814
PR01499	TREKCHANNEL	1.00000000000104	1.03949473337296e-12	2	0	0	11	3814
PR01802	SYNEMBRYN	1.00000000000104	1.03949473337296e-12	2	0	0	11	3814
PR00295	STEFINA	1.00000000000104	1.03949473337296e-12	2	0	0	11	3814
PR01236	TNFBETA	1.00000000000104	1.03949473337296e-12	2	0	0	11	3814
PR01154	VIP1RECEPTOR	1.00000000000104	1.03949473337296e-12	2	0	0	11	3814
PR00659	CHROMOGRANIN	1.00000000000104	1.03949473337296e-12	2	0	0	11	3814
PR01989	EUOM20RECPTR	1.00000000000104	1.03949473337296e-12	2	0	0	11	3814
PR00075	FACDDSATRASE	1.00000000000104	1.03949473337296e-12	2	0	0	11	3814
PR00065	TEADOMAIN	1.00000000000104	1.03949473337296e-12	2	0	0	11	3814
PR01378	CLAUDIN3	1.00000000000104	1.03949473337296e-12	2	0	0	11	3814
PR01210	GGTRANSPTASE	1.00000000000104	1.03949473337296e-12	2	0	0	11	3814
PR00749	LYSOZYMEG	1.00000000000104	1.03949473337296e-12	2	0	0	11	3814
PR01910	ADSPHPHTASEB	1.00000000000104	1.03949473337296e-12	2	0	0	11	3814
PR00716	MPIPHPHTASE	1.00000000000104	1.03949473337296e-12	2	0	0	11	3814
PR01496	SHAKERCHANEL	1.00000000000104	1.03949473337296e-12	2	0	0	11	3814
PR00416	EUTPISMRASEI	1.00000000000104	1.03949473337296e-12	2	0	0	11	3814
PR02015	AQUAPORIN3	1.00000000000104	1.03949473337296e-12	2	0	0	11	3814
PR01612	CRFFAMILY	1.00000000000104	1.03949473337296e-12	2	0	0	11	3814
PR01871	ANNEXINVII	1.00000000000104	1.03949473337296e-12	2	0	0	11	3814
PR01174	RETINOLBNDNG	1.00000000000104	1.03949473337296e-12	2	0	0	11	3814
PR00757	AMINEOXDASEF	1.00000000000104	1.03949473337296e-12	2	0	0	11	3814
PR00365	ENDOTHELIN	1.00000000000104	1.03949473337296e-12	2	0	0	11	3814
PR01052	MTABOTROPC2R	1.00000000000104	1.03949473337296e-12	2	0	0	11	3814
PR01072	PRESENILIN	1.00000000000104	1.03949473337296e-12	2	0	0	11	3814
PR00296	CYCLINKINASE	1.00000000000104	1.03949473337296e-12	2	0	0	11	3814
PR00742	GLHYDRLASE35	1.00000000000104	1.03949473337296e-12	2	0	0	11	3814
PR01042	TRNASYNTHASP	1.00000000000104	1.03949473337296e-12	2	0	0	11	3814
PR01578	KCNAB1CHANEL	1.00000000000104	1.03949473337296e-12	2	0	0	11	3814
PR01677	GLYRBETA	1.00000000000104	1.03949473337296e-12	2	0	0	11	3814
PR01427	TGFBETA4	1.00000000000104	1.03949473337296e-12	2	0	0	11	3814
PR01125	FMOXYGENASE5	1.00000000000104	1.03949473337296e-12	2	0	0	11	3814
PR00088	HAEMOXYGNASE	1.00000000000104	1.03949473337296e-12	2	0	0	11	3814
PR00198	ANNEXINII	1.00000000000104	1.03949473337296e-12	2	0	0	11	3814
PR00738	GLHYDRLASE20	1.00000000000104	1.03949473337296e-12	2	0	0	11	3814
PR00989	ADENOKINASE	1.00000000000104	1.03949473337296e-12	2	0	0	11	3814
PR00776	HEMOGLOBNASE	1.00000000000104	1.03949473337296e-12	2	0	0	11	3814
PR00492	RHOGDI	1.00000000000104	1.03949473337296e-12	2	0	0	11	3814
PR01145	TSHRECEPTOR	1.00000000000104	1.03949473337296e-12	2	0	0	11	3814
PR00575	OPSINREDGRN	1.00000000000104	1.03949473337296e-12	2	0	0	11	3814
PR00488	5LPOXGNASEAP	1.00000000000104	1.03949473337296e-12	2	0	0	11	3814
PR00151	PORPHBDMNASE	1.00000000000104	1.03949473337296e-12	2	0	0	11	3814
PR01310	P2X3RECEPTOR	1.00000000000104	1.03949473337296e-12	2	0	0	11	3814
PR00871	DNAPOLXTDT	1.00000000000104	1.03949473337296e-12	2	0	0	11	3814
PR00336	LYSASSOCTDMP	1.00000000000104	1.03949473337296e-12	2	0	0	11	3814
PR01536	INTRLKN1R12F	1.00000000000104	1.03949473337296e-12	2	0	0	11	3814
PR01215	A1MCGLOBULIN	1.00000000000104	1.03949473337296e-12	2	0	0	11	3814
PR01662	MCMPROTEIN6	1.00000000000104	1.03949473337296e-12	2	0	0	11	3814
PR01849	UBIQUITINACT	1.00000000000104	1.03949473337296e-12	2	0	0	11	3814
PR02058	APODVERTBRTE	1.00000000000104	1.03949473337296e-12	2	0	0	11	3814
PR00752	VASOPRSNV1AR	1.00000000000104	1.03949473337296e-12	2	0	0	11	3814
PR01040	TRNASYNTHTYR	1.00000000000104	1.03949473337296e-12	2	0	0	11	3814
PR01659	MCMPROTEIN3	1.00000000000104	1.03949473337296e-12	2	0	0	11	3814
PR00831	NEUROPHYSIN	1.00000000000104	1.03949473337296e-12	2	0	0	11	3814
PR00395	RIBOSOMALS2	1.00000000000104	1.03949473337296e-12	2	0	0	11	3814
PR01789	NUCFACTORATC	1.00000000000104	1.03949473337296e-12	2	0	0	11	3814
PR00105	C5METTRFRASE	1.00000000000104	1.03949473337296e-12	2	0	0	11	3814
PR01092	SULFNYLUREAR	1.00000000000104	1.03949473337296e-12	2	0	0	11	3814
PR01797	SAPOSIN	1.00000000000104	1.03949473337296e-12	2	0	0	11	3814
PR01692	LIPOCALINIMR	1.00000000000104	1.03949473337296e-12	2	0	0	11	3814
PR01855	NRPEPTIDEWR	1.00000000000104	1.03949473337296e-12	2	0	0	11	3814
PR01739	RELAXINR	1.00000000000104	1.03949473337296e-12	2	0	0	11	3814
PR01383	CLAUDIN10	1.00000000000104	1.03949473337296e-12	2	0	0	11	3814
PR00278	PANCHORMONE	1.00000000000104	1.03949473337296e-12	2	0	0	11	3814
PR00188	PLANTGLOBIN	1.00000000000104	1.03949473337296e-12	2	0	0	11	3814
PR00616	CCAATSUBUNTB	1.00000000000104	1.03949473337296e-12	2	0	0	11	3814
PR01978	IGFBPFAMILY2	1.00000000000104	1.03949473337296e-12	2	0	0	11	3814
PR01728	KISS1RECEPTR	1.00000000000104	1.03949473337296e-12	2	0	0	11	3814
PR00751	THYROLIBRINR	1.00000000000104	1.03949473337296e-12	2	0	0	11	3814
PR01152	PROTEASEAR2	1.00000000000104	1.03949473337296e-12	2	0	0	11	3814
PR02001	GCR1CAMPR	1.00000000000104	1.03949473337296e-12	2	0	0	11	3814
PR01816	BACE1	1.00000000000104	1.03949473337296e-12	2	0	0	11	3814
PR00570	ENDOTHELINAR	1.00000000000104	1.03949473337296e-12	2	0	0	11	3814
PR00346	TISSUEFACTOR	1.00000000000104	1.03949473337296e-12	2	0	0	11	3814
PR00428	PROSTAGLNDNR	1.00000000000104	1.03949473337296e-12	2	0	0	11	3814
PR01667	NACHANNEL8	1.00000000000104	1.03949473337296e-12	2	0	0	11	3814
PR01268	GSTRNSFRASEP	1.00000000000104	1.03949473337296e-12	2	0	0	11	3814
PR00437	SMALLCYTKCXC	1.00000000000104	1.03949473337296e-12	2	0	0	11	3814
PR01195	GAT1TRNSPORT	1.00000000000104	1.03949473337296e-12	2	0	0	11	3814
PR01634	LVDCCALPHA1S	1.00000000000104	1.03949473337296e-12	2	0	0	11	3814
PR00662	G6PISOMERASE	1.00000000000104	1.03949473337296e-12	2	0	0	11	3814
PR00665	OXYTOCINR	1.00000000000104	1.03949473337296e-12	2	0	0	11	3814
PR00740	GLHYDRLASE27	1.00000000000104	1.03949473337296e-12	2	0	0	11	3814
PR00683	SPECTRINPH	1.00000000000104	1.03949473337296e-12	2	0	0	11	3814
PR01977	IGFBPFAMILY1	1.00000000000104	1.03949473337296e-12	2	0	0	11	3814
PR00277	INSULIN	1.00000000000104	1.03949473337296e-12	2	0	0	11	3814
PR00350	VITAMINDR	1.00000000000104	1.03949473337296e-12	2	0	0	11	3814
PR01835	VEGFRECEPTR3	1.00000000000104	1.03949473337296e-12	2	0	0	11	3814
PR01815	BACEFAMILY	1.00000000000104	1.03949473337296e-12	2	0	0	11	3814
PR01984	NOTCH1	1.00000000000104	1.03949473337296e-12	2	0	0	11	3814
PR00908	THROMBINR	1.00000000000104	1.03949473337296e-12	2	0	0	11	3814
PR00191	FACTINCAPA	1.00000000000104	1.03949473337296e-12	2	0	0	11	3814
PR01024	NEUROKININ1R	1.00000000000104	1.03949473337296e-12	2	0	0	11	3814
PR01768	TRPVRECEPTOR	1.00000000000104	1.03949473337296e-12	2	0	0	11	3814
PR01026	NEUROKININ3R	1.00000000000104	1.03949473337296e-12	2	0	0	11	3814
PR01864	APOPREGBCLX	1.00000000000104	1.03949473337296e-12	2	0	0	11	3814
PR01013	NRPEPTIDEY1R	1.00000000000104	1.03949473337296e-12	2	0	0	11	3814
PR02086	PUTNUCHARBI1	1.00000000000104	1.03949473337296e-12	2	0	0	11	3814
PR01770	ERK1ERK2MAPK	1.00000000000104	1.03949473337296e-12	2	0	0	11	3814
PR00029	OCTAMER	1.00000000000104	1.03949473337296e-12	2	0	0	11	3814
PR00466	GP91PHOX	1.00000000000104	1.03949473337296e-12	2	0	0	11	3814
PR00146	DHPICSNTHASE	1.00000000000104	1.03949473337296e-12	2	0	0	11	3814
PR01818	DESMOCADHERN	1.00000000000104	1.03949473337296e-12	2	0	0	11	3814
PR01843	WNT3PROTEIN	1.00000000000104	1.03949473337296e-12	2	0	0	11	3814
PR00574	OPSINBLUE	1.00000000000104	1.03949473337296e-12	2	0	0	11	3814
PR02006	INSLNLIKEGF2	1.00000000000104	1.03949473337296e-12	2	0	0	11	3814
PR00789	OSIALOPTASE	1.00000000000104	1.03949473337296e-12	2	0	0	11	3814
PR00713	CNATPEPTIDE	1.00000000000104	1.03949473337296e-12	2	0	0	11	3814
PR00870	DNAPOLXBETA	1.00000000000104	1.03949473337296e-12	2	0	0	11	3814
PR01200	TAUTRANSPORT	1.00000000000104	1.03949473337296e-12	2	0	0	11	3814
PR00773	GRPEPROTEIN	1.00000000000104	1.03949473337296e-12	2	0	0	11	3814
PR01289	PROXISOMPAAR	1.00000000000104	1.03949473337296e-12	2	0	0	11	3814
PR00003	4DISULPHCORE	1.00000000000104	1.03949473337296e-12	2	0	0	11	3814
PR00978	STARPROTEIN	1.00000000000104	1.03949473337296e-12	2	0	0	11	3814
PR00104	CGMPKINASE	1.00000000000104	1.03949473337296e-12	2	0	0	11	3814
PR00378	LIIMPHPHTASE	1.00000000000104	1.03949473337296e-12	2	0	0	11	3814
PR00856	PRSTNOIDIPR	1.00000000000104	1.03949473337296e-12	2	0	0	11	3814
PR00351	OM20RECEPTOR	1.00000000000104	1.03949473337296e-12	2	0	0	11	3814
PR00204	BETAAMYLOID	1.00000000000104	1.03949473337296e-12	2	0	0	11	3814
PR01866	APOPREGMCL1	1.00000000000104	1.03949473337296e-12	2	0	0	11	3814
PR00667	RPERETINALR	1.00000000000104	1.03949473337296e-12	2	0	0	11	3814
PR01846	TRHRFAMILY	1.00000000000104	1.03949473337296e-12	2	0	0	11	3814
PR02078	GATSLIKEFMLY	1.00000000000104	1.03949473337296e-12	2	0	0	11	3814
PR01641	PROMCHFAMILY	1.00000000000104	1.03949473337296e-12	2	0	0	11	3814
PR00362	CANNABINOIDR	1.00000000000104	1.03949473337296e-12	2	0	0	11	3814
PR00255	NATPEPTIDER	1.00000000000104	1.03949473337296e-12	2	0	0	11	3814
PR00862	PROLIGOPTASE	1.00000000000104	1.03949473337296e-12	2	0	0	11	3814
PR00553	ADENOSINA2AR	1.00000000000104	1.03949473337296e-12	2	0	0	11	3814
PR00058	RIBOSOMALL5	1.00000000000104	1.03949473337296e-12	2	0	0	11	3814
PR00332	HISTRIAD	1.00000000000104	1.03949473337296e-12	2	0	0	11	3814
PR00082	GLFDHDRGNASE	1.00000000000104	1.03949473337296e-12	2	0	0	11	3814
PR01577	KCNABCHANNEL	1.00000000000104	1.03949473337296e-12	2	0	0	11	3814
PR00389	PHPHLIPASEA2	1.00000000000104	1.03949473337296e-12	2	0	0	11	3814
PR01639	PROFILINMAML	1.00000000000104	1.03949473337296e-12	2	0	0	11	3814
PR01741	SEPTIN3	1.00000000000104	1.03949473337296e-12	2	0	0	11	3814
PR01904	GPR40FAMILY	1.00000000000104	1.03949473337296e-12	2	0	0	11	3814
PR01234	TNECROSISFCT	1.00000000000104	1.03949473337296e-12	2	0	0	11	3814
PR01951	LANCEUKARYTE	1.00000000000104	1.03949473337296e-12	2	0	0	11	3814
PR01698	CYTOFMRPINTP	1.00000000000104	1.03949473337296e-12	2	0	0	11	3814
PR00290	KAZALINHBTR	1.00000000000104	1.03949473337296e-12	2	0	0	11	3814
PR00822	LIPOLIPASE	1.00000000000104	1.03949473337296e-12	2	0	0	11	3814
PR00177	NMDARECEPTOR	1.00000000000136	1.35764011197301e-12	12	0	0	11	3814
PR00025	ANTENNAPEDIA	1.00000000000136	1.35764011197301e-12	12	0	0	11	3814
PR01320	KIRCHANNEL	1.00000000000136	1.35764011197301e-12	12	0	0	11	3814
PR00173	EDTRNSPORT	1.00000000000136	1.35764011197301e-12	12	0	0	11	3814
PR00195	DYNAMIN	1.00000000000136	1.35764011197301e-12	12	0	0	11	3814
PR00261	LDLRECEPTOR	1.00000000000136	1.35764011197301e-12	12	0	0	11	3814
PR00267	INTFRNREGFCT	1.00000000000136	1.35764011197301e-12	12	0	0	11	3814
PR01535	VOMERONASL2R	1.00000000000137	1.36984579072437e-12	15	0	0	11	3814
PR00254	NICOTINICR	1.00000000000137	1.36984579072437e-12	15	0	0	11	3814
PR00792	PEPSIN	1.00000000000138	1.3760772011133e-12	6	0	0	11	3814
PR00309	ARRESTIN	1.00000000000138	1.3760772011133e-12	6	0	0	11	3814
PR00194	TROPOMYOSIN	1.00000000000138	1.3760772011133e-12	6	0	0	11	3814
PR00214	MYELINPLP	1.00000000000138	1.3760772011133e-12	6	0	0	11	3814
PR01185	INTEGRINA	1.00000000000138	1.3760772011133e-12	6	0	0	11	3814
PR00180	CRETINALDHBP	1.00000000000138	1.3760772011133e-12	6	0	0	11	3814
PR00689	ACOABINDINGP	1.00000000000138	1.3760772011133e-12	6	0	0	11	3814
PR01270	HDASUPER	1.00000000000138	1.3760772011133e-12	6	0	0	11	3814
PR01909	ADSPHPHTASEA	1.00000000000138	1.3760772011133e-12	6	0	0	11	3814
PR01012	NRPEPTIDEYR	1.00000000000138	1.3760772011133e-12	6	0	0	11	3814
PR01263	INTCLCHANNEL	1.00000000000138	1.3760772011133e-12	6	0	0	11	3814
PR00621	HISTONEH2B	1.00000000000138	1.3760772011133e-12	6	0	0	11	3814
PR00653	ACTIVIN2R	1.00000000000138	1.3760772011133e-12	6	0	0	11	3814
PR00213	MYELINP0	1.00000000000138	1.3760772011133e-12	6	0	0	11	3814
PR01857	ADAMTSFAMILY	1.00000000000138	1.3760772011133e-12	6	0	0	11	3814
PR00044	LEUZIPPRMYC	1.00000000000138	1.3760772011133e-12	6	0	0	11	3814
PR00345	STATHMIN	1.00000000000138	1.3760772011133e-12	6	0	0	11	3814
PR00545	RETINOIDXR	1.00000000000138	1.3760772011133e-12	6	0	0	11	3814
PR01773	P38MAPKINASE	1.00000000000138	1.3760772011133e-12	6	0	0	11	3814
PR02050	B14GALTRFASE	1.00000000000138	1.3760772011133e-12	6	0	0	11	3814
PR01764	MAPKPHPHTASE	1.00000000000138	1.3760772011133e-12	6	0	0	11	3814
PR01498	SHAWCHANNEL	1.00000000000138	1.3760772011133e-12	6	0	0	11	3814
PR01626	LCACHANNELB	1.00000000000138	1.3760772011133e-12	6	0	0	11	3814
PR00534	MCRFAMILY	1.00000000000138	1.3760772011133e-12	6	0	0	11	3814
PR00372	FYWHYDRXLASE	1.00000000000138	1.3760772011133e-12	6	0	0	11	3814
PR00387	PDIESTERASE1	1.00000000000138	1.3760772011133e-12	6	0	0	11	3814
PR01523	S1PRECEPTOR	1.00000000000138	1.3760772011133e-12	6	0	0	11	3814
PR01078	AMINACHANNEL	1.00000000000138	1.3760772011133e-12	6	0	0	11	3814
PR00889	CALPONIN	1.00000000000139	1.3904799866326e-12	5	0	0	11	3814
PR01743	SSDNABINDING	1.00000000000139	1.3904799866326e-12	5	0	0	11	3814
PR00991	6PFRUCTKNASE	1.00000000000139	1.3904799866326e-12	5	0	0	11	3814
PR00846	GLHYDRLASE56	1.00000000000139	1.3904799866326e-12	5	0	0	11	3814
PR00218	PERIPHERNRDS	1.00000000000139	1.3904799866326e-12	5	0	0	11	3814
PR00300	CLPPROTEASEA	1.00000000000139	1.3904799866326e-12	5	0	0	11	3814
PR00167	CACHANNEL	1.00000000000139	1.3904799866326e-12	5	0	0	11	3814
PR01673	GLYRALPHA	1.00000000000139	1.3904799866326e-12	5	0	0	11	3814
PR01748	AP2TNSCPFCT	1.00000000000139	1.3904799866326e-12	5	0	0	11	3814
PR00626	CALRETICULIN	1.00000000000139	1.3904799866326e-12	5	0	0	11	3814
PR01011	GLUTPROXDASE	1.00000000000139	1.3904799866326e-12	5	0	0	11	3814
PR00784	MTUNCOUPLING	1.00000000000139	1.3904799866326e-12	5	0	0	11	3814
PR01792	VDCCGAMMA	1.00000000000139	1.3904799866326e-12	5	0	0	11	3814
PR00612	ALPHAHAEM	1.00000000000139	1.3904799866326e-12	5	0	0	11	3814
PR00622	HISTONEH3	1.00000000000139	1.3904799866326e-12	5	0	0	11	3814
PR01316	GDNFRECEPTOR	1.00000000000139	1.3904799866326e-12	5	0	0	11	3814
PR00429	THROMBOXANER	1.00000000000139	1.3904799866326e-12	5	0	0	11	3814
PR00363	CYTOCHROMEB5	1.00000000000139	1.3904799866326e-12	5	0	0	11	3814
PR01255	OTXHOMEOBOX	1.00000000000139	1.3904799866326e-12	5	0	0	11	3814
PR01838	NCAMFAMILY	1.00000000000139	1.3904799866326e-12	5	0	0	11	3814
PR01494	KV9CHANNEL	1.00000000000139	1.3904799866326e-12	5	0	0	11	3814
PR00821	TAGLIPASE	1.00000000000139	1.3904799866326e-12	5	0	0	11	3814
PR00535	MELNOCORTINR	1.00000000000139	1.3904799866326e-12	5	0	0	11	3814
PR01292	RETNOICACIDR	1.00000000000139	1.3904799866326e-12	5	0	0	11	3814
PR00775	HEATSHOCK90	1.00000000000139	1.3904799866326e-12	5	0	0	11	3814
PR02008	RCMTFAMILY	1.00000000000139	1.3904799866326e-12	5	0	0	11	3814
PR00836	SOMATOTROPIN	1.00000000000139	1.3904799866326e-12	5	0	0	11	3814
PR00384	OPIOIDR	1.00000000000139	1.3904799866326e-12	5	0	0	11	3814
PR00928	GRAVESDC	1.00000000000139	1.3904799866326e-12	5	0	0	11	3814
PR00467	MAMLPOXGNASE	1.00000000000139	1.3904799866326e-12	5	0	0	11	3814
PR01095	TASKCHANNEL	1.00000000000139	1.3904799866326e-12	5	0	0	11	3814
PR01457	LENSMEMPROT	1.00000000000139	1.3904799866326e-12	5	0	0	11	3814
PR00220	SYNAPTOPHYSN	1.00000000000139	1.3904799866326e-12	5	0	0	11	3814
PR00632	SONICHHOG	1.00000000000139	1.3904799866326e-12	5	0	0	11	3814
PR01054	MTABOTROPC4R	1.00000000000139	1.3904799866326e-12	5	0	0	11	3814
PR00442	GPROTEINAQ	1.00000000000139	1.3904799866326e-12	5	0	0	11	3814
PR00896	VASOPRESSINR	1.00000000000139	1.3904799866326e-12	5	0	0	11	3814
PR00022	SOMATOMEDINB	1.00000000000139	1.3904799866326e-12	5	0	0	11	3814
PR00448	NSFATTACHMNT	1.00000000000139	1.3904799866326e-12	5	0	0	11	3814
PR01254	PGNDSYNTHASE	1.00000000000139	1.3904799866326e-12	5	0	0	11	3814
PR00087	LIPOXYGENASE	1.00000000000139	1.3904799866326e-12	5	0	0	11	3814
PR00165	ANIONEXCHNGR	1.00000000000139	1.3904799866326e-12	5	0	0	11	3814
PR00241	ANGIOTENSINR	1.00000000000139	1.3904799866326e-12	5	0	0	11	3814
PR01463	EAGCHANLFMLY	1.00000000000139	1.3904799866326e-12	5	0	0	11	3814
PR00320	GPROTEINBRPT	1.0000000000015	1.50418512666592e-12	73	0	0	11	3814
PR00700	PRTYPHPHTASE	1.00000000000174	1.74225008190873e-12	23	0	0	11	3814
PR00783	MINTRINSICP	1.00000000000247	2.47306428714344e-12	16	0	0	11	3814
PR00114	STPHPHTASE	1.00000000000247	2.47306428714344e-12	16	0	0	11	3814
PR00153	CSAPPISMRASE	1.00000000000247	2.47306428714344e-12	16	0	0	11	3814
PR00360	C2DOMAIN	1.00000000000247	2.47306428714344e-12	16	0	0	11	3814
PR00376	IL1BCENZYME	1.00000000000247	2.47306428714344e-12	16	0	0	11	3814
PR00028	POUDOMAIN	1.00000000000247	2.47306428714344e-12	16	0	0	11	3814
PR00081	GDHRDH	1.00000000000258	2.57931050487062e-12	78	0	0	11	3814
PR00328	SAR1GTPBP	1.0000000000028	2.79680191682023e-12	33	0	0	11	3814
PR01301	RGSPROTEIN	1.00000000000318	3.17983486971567e-12	20	0	0	11	3814
PR00178	FATTYACIDBP	1.00000000000318	3.17983486971567e-12	20	0	0	11	3814
PR00318	GPROTEINA	1.00000000000318	3.17983486971567e-12	20	0	0	11	3814
PR00169	KCHANNEL	1.00000000000318	3.17983486971567e-12	20	0	0	11	3814
PR00193	MYOSINHEAVY	1.00000000000318	3.17983486971567e-12	20	0	0	11	3814
PR00401	SH2DOMAIN	1.00000000000327	3.26523083153935e-12	54	0	0	11	3814
PR00259	TMFOUR	1.00000000000366	3.65783276140738e-12	39	0	0	11	3814
PR00053	FORKHEAD	1.00000000000388	3.88051064959951e-12	52	0	0	11	3814
PR01028	OPIOIDPRCRSR	1.00000000000456	4.56118539441592e-12	4	0	0	11	3814
PR00113	ALKPHPHTASE	1.00000000000456	4.56118539441592e-12	4	0	0	11	3814
PR00600	PP2APR55	1.00000000000456	4.56118539441592e-12	4	0	0	11	3814
PR00623	HISTONEH4	1.00000000000456	4.56118539441592e-12	4	0	0	11	3814
PR00764	COMPLEMENTC9	1.00000000000456	4.56118539441592e-12	4	0	0	11	3814
PR01785	PARAOXONASE	1.00000000000456	4.56118539441592e-12	4	0	0	11	3814
PR01230	NACLTRNSPORT	1.00000000000456	4.56118539441592e-12	4	0	0	11	3814
PR01284	NUCLEARECPTR	1.00000000000456	4.56118539441592e-12	4	0	0	11	3814
PR01018	PRPRECEPTOR	1.00000000000456	4.56118539441592e-12	4	0	0	11	3814
PR00762	CLCHANNEL	1.00000000000456	4.56118539441592e-12	4	0	0	11	3814
PR00185	EUKARYTPORIN	1.00000000000456	4.56118539441592e-12	4	0	0	11	3814
PR01630	LVDCCALPHA1	1.00000000000456	4.56118539441592e-12	4	0	0	11	3814
PR00927	ADPTRNSLCASE	1.00000000000456	4.56118539441592e-12	4	0	0	11	3814
PR00962	LETHAL2GIANT	1.00000000000456	4.56118539441592e-12	4	0	0	11	3814
PR00026	ENGRAILED	1.00000000000456	4.56118539441592e-12	4	0	0	11	3814
PR00925	NONHISHMG17	1.00000000000456	4.56118539441592e-12	4	0	0	11	3814
PR01887	SPECTRNALPHA	1.00000000000456	4.56118539441592e-12	4	0	0	11	3814
PR01251	AMPHIPHYSIN	1.00000000000456	4.56118539441592e-12	4	0	0	11	3814
PR00457	ANPEROXIDASE	1.00000000000456	4.56118539441592e-12	4	0	0	11	3814
PR00412	EPOXHYDRLASE	1.00000000000456	4.56118539441592e-12	4	0	0	11	3814
PR00406	CYTB5RDTASE	1.00000000000456	4.56118539441592e-12	4	0	0	11	3814
PR00529	GNADOTRPHINR	1.00000000000456	4.56118539441592e-12	4	0	0	11	3814
PR00881	L7ARS6FAMILY	1.00000000000456	4.56118539441592e-12	4	0	0	11	3814
PR00707	UBCTHYDRLASE	1.00000000000456	4.56118539441592e-12	4	0	0	11	3814
PR00988	URIDINKINASE	1.00000000000456	4.56118539441592e-12	4	0	0	11	3814
PR00799	TRANSAMINASE	1.00000000000456	4.56118539441592e-12	4	0	0	11	3814
PR02002	INSLNLIKEGF	1.00000000000456	4.56118539441592e-12	4	0	0	11	3814
PR00275	GLUCAGON	1.00000000000456	4.56118539441592e-12	4	0	0	11	3814
PR00599	MAPEPTIDASE	1.00000000000456	4.56118539441592e-12	4	0	0	11	3814
PR00077	GPDHDRGNASE	1.00000000000456	4.56118539441592e-12	4	0	0	11	3814
PR00938	BRACHYURY	1.00000000000456	4.56118539441592e-12	4	0	0	11	3814
PR00857	MELATONINR	1.00000000000456	4.56118539441592e-12	4	0	0	11	3814
PR00424	ADENOSINER	1.00000000000456	4.56118539441592e-12	4	0	0	11	3814
PR00391	PITRANSFER	1.00000000000456	4.56118539441592e-12	4	0	0	11	3814
PR00148	ENOLASE	1.00000000000456	4.56118539441592e-12	4	0	0	11	3814
PR01276	TYPE2KERATIN	1.00000000000456	4.56118539441592e-12	4	0	0	11	3814
PR00869	DNAPOLX	1.00000000000456	4.56118539441592e-12	4	0	0	11	3814
PR00381	KINESINLIGHT	1.00000000000456	4.56118539441592e-12	4	0	0	11	3814
PR00302	LUPUSLA	1.00000000000456	4.56118539441592e-12	4	0	0	11	3814
PR00509	PGMPMM	1.00000000000456	4.56118539441592e-12	4	0	0	11	3814
PR00929	ATHOOK	1.00000000000456	4.56118539441592e-12	4	0	0	11	3814
PR01570	NPFFRECEPTOR	1.00000000000456	4.56118539441592e-12	4	0	0	11	3814
PR00244	NEUROKININR	1.00000000000456	4.56118539441592e-12	4	0	0	11	3814
PR01452	LNOTCHREPEAT	1.00000000000456	4.56118539441592e-12	4	0	0	11	3814
PR00120	HATPASE	1.00000000000456	4.56118539441592e-12	4	0	0	11	3814
PR00085	THFDHDRGNASE	1.00000000000456	4.56118539441592e-12	4	0	0	11	3814
PR00891	RABGDIREP	1.00000000000456	4.56118539441592e-12	4	0	0	11	3814
PR00086	LLDHDRGNASE	1.00000000000456	4.56118539441592e-12	4	0	0	11	3814
PR00963	MARCKS	1.00000000000456	4.56118539441592e-12	4	0	0	11	3814
PR00130	DNASEI	1.00000000000456	4.56118539441592e-12	4	0	0	11	3814
PR00370	FMOXYGENASE	1.00000000000456	4.56118539441592e-12	4	0	0	11	3814
PR01288	PROXISOMEPAR	1.00000000000456	4.56118539441592e-12	4	0	0	11	3814
PR00837	V5TPXLIKE	1.00000000000456	4.56118539441592e-12	4	0	0	11	3814
PR00645	CXCCHMKINER4	1.00000000000456	4.56118539441592e-12	4	0	0	11	3814
PR00959	MEVGALKINASE	1.00000000000456	4.56118539441592e-12	4	0	0	11	3814
PR01428	PROTEASEAR	1.00000000000456	4.56118539441592e-12	4	0	0	11	3814
PR00440	GPROTEINA12	1.00000000000456	4.56118539441592e-12	4	0	0	11	3814
PR00041	LEUZIPPRCREB	1.00000000000456	4.56118539441592e-12	4	0	0	11	3814
PR00301	HEATSHOCK70	1.0000000000048	4.80257945481857e-12	13	0	0	11	3814
PR00321	GPROTEING	1.0000000000048	4.80257945481857e-12	13	0	0	11	3814
PR01638	MHCCLASSI	1.0000000000048	4.80257945481857e-12	13	0	0	11	3814
PR00785	NCTRNSLOCATR	1.0000000000048	4.80257945481857e-12	13	0	0	11	3814
PR00489	FRIZZLED	1.0000000000048	4.80257945481857e-12	13	0	0	11	3814
PR00765	CRBOXYPTASEA	1.00000000000495	4.95344880475988e-12	11	0	0	11	3814
PR00661	ERMFAMILY	1.00000000000495	4.95344880475988e-12	11	0	0	11	3814
PR00888	SM22CALPONIN	1.00000000000495	4.95344880475988e-12	11	0	0	11	3814
PR00593	MTABOTROPICR	1.00000000000495	4.95344880475988e-12	11	0	0	11	3814
PR00027	PAIREDBOX	1.00000000000495	4.95344880475988e-12	11	0	0	11	3814
PR01333	2POREKCHANEL	1.00000000000495	4.95344880475988e-12	11	0	0	11	3814
PR01162	ALPHATUBULIN	1.00000000000495	4.95344880475988e-12	11	0	0	11	3814
PR00597	GELSOLIN	1.00000000000495	4.95344880475988e-12	11	0	0	11	3814
PR00326	GTP1OBG	1.00000000000495	4.95344880475988e-12	11	0	0	11	3814
PR00171	SUGRTRNSPORT	1.00000000000495	4.95344880475988e-12	11	0	0	11	3814
PR01415	ANKYRIN	1.00000000000496	4.95944923714415e-12	57	0	0	11	3814
PR00248	GPCRMGR	1.00000000000498	4.97707263783798e-12	36	0	0	11	3814
PR00074	LYSYLOXIDASE	1.00000000000533	5.32810001672715e-12	8	0	0	11	3814
PR00619	GATAZNFINGER	1.00000000000533	5.32810001672715e-12	8	0	0	11	3814
PR00504	CHROMODOMAIN	1.00000000000533	5.32810001672715e-12	8	0	0	11	3814
PR00624	HISTONEH5	1.00000000000533	5.32810001672715e-12	8	0	0	11	3814
PR00756	ALADIPTASE	1.00000000000533	5.32810001672715e-12	8	0	0	11	3814
PR01103	ADRENERGICR	1.00000000000533	5.32810001672715e-12	8	0	0	11	3814
PR00961	HUDSXLRNA	1.00000000000533	5.32810001672715e-12	8	0	0	11	3814
PR01265	LINKMODULE	1.00000000000533	5.32810001672715e-12	8	0	0	11	3814
PR00020	MAMDOMAIN	1.00000000000533	5.32810001672715e-12	8	0	0	11	3814
PR00620	HISTONEH2A	1.00000000000533	5.32810001672715e-12	8	0	0	11	3814
PR00170	NACHANNEL	1.00000000000533	5.32810001672715e-12	8	0	0	11	3814
PR00042	LEUZIPPRFOS	1.00000000000533	5.32810001672715e-12	8	0	0	11	3814
PR01453	EPMEMFAMILY	1.00000000000533	5.32810001672715e-12	8	0	0	11	3814
PR00141	PROTEASOME	1.00000000000533	5.32810001672715e-12	8	0	0	11	3814
PR00069	ALDKETRDTASE	1.00000000000533	5.32810001672715e-12	8	0	0	11	3814
PR01657	MCMFAMILY	1.00000000000533	5.32810001672715e-12	8	0	0	11	3814
PR01884	MALPROTEIN	1.00000000000533	5.32810001672715e-12	8	0	0	11	3814
PR01101	5HTRECEPTOR	1.00000000000533	5.32810001672715e-12	8	0	0	11	3814
PR00258	SPERACTRCPTR	1.00000000000533	5.32810001672715e-12	8	0	0	11	3814
PR01186	INTEGRINB	1.00000000000533	5.32810001672715e-12	8	0	0	11	3814
PR01491	KVCHANNEL	1.0000000000059	5.89835195295429e-12	17	0	0	11	3814
PR00704	CALPAIN	1.0000000000059	5.89835195295429e-12	17	0	0	11	3814
PR00008	DAGPEDOMAIN	1.0000000000059	5.89835195295429e-12	17	0	0	11	3814
PR00237	GPCRRHODOPSN	1.00000000000631	6.30742633508993e-12	335	0	0	11	3814
PR01097	TRNSRECEPTRP	1.00000000000693	6.93168634491075e-12	10	0	0	11	3814
PR00305	1433ZETA	1.00000000000693	6.93168634491075e-12	10	0	0	11	3814
PR00834	PROTEASES2C	1.00000000000693	6.93168634491075e-12	10	0	0	11	3814
PR01862	BCL2FAMILY	1.00000000000693	6.93168634491075e-12	10	0	0	11	3814
PR00465	EP450IV	1.00000000000693	6.93168634491075e-12	10	0	0	11	3814
PR00895	PENTAXIN	1.00000000000693	6.93168634491075e-12	10	0	0	11	3814
PR00299	ACRYSTALLIN	1.00000000000693	6.93168634491075e-12	10	0	0	11	3814
PR00669	INHIBINA	1.00000000000693	6.93168634491075e-12	10	0	0	11	3814
PR01908	ADSPHPHTASE	1.00000000000693	6.93168634491075e-12	10	0	0	11	3814
PR00348	UBIQUITIN	1.00000000000693	6.93168634491075e-12	10	0	0	11	3814
PR00633	RCCNDNSATION	1.00000000000693	6.93168634491075e-12	10	0	0	11	3814
PR01788	PROSTANOIDR	1.00000000000693	6.93168634491075e-12	10	0	0	11	3814
PR00315	ELONGATNFCT	1.00000000000722	7.22056857460915e-12	18	0	0	11	3814
PR00503	BROMODOMAIN	1.00000000000722	7.22056857460915e-12	18	0	0	11	3814
PR00935	BAND41	1.00000000000722	7.22056857460915e-12	18	0	0	11	3814
PR00196	ANNEXIN	1.00000000000722	7.22056857460915e-12	18	0	0	11	3814
PR00405	REVINTRACTNG	1.00000000000722	7.22056857460915e-12	18	0	0	11	3814
PR00024	HOMEOBOX	1.00000000000723	7.2341330889396e-12	108	0	0	11	3814
PR01407	BUTYPHLNCDUF	1.00000000000746	7.4593282379486e-12	53	0	0	11	3814
PR00205	CADHERIN	1.00000000000792	7.91932366053069e-12	81	0	0	11	3814
PR00722	CHYMOTRYPSIN	1.00000000000814	8.13683261573419e-12	60	0	0	11	3814
PR00463	EP450I	1.00000000000814	8.13683261573419e-12	60	0	0	11	3814
PR00031	HTHREPRESSR	1.00000000001142	1.14246908243915e-11	37	0	0	11	3814
