TermID	Term	Enrichment	logP	Genes in Term	Target Genes in Term	Fraction of Targets in Term	Total Target Genes	Total Genes	Entrez Gene IDs	Gene Symbols
SM01033	BING4CT	0.00500715307583418	-5.29688777373613	1	1	0.0285714285714286	35	6990	393596	wdr46
SM00363	S4	0.00998994741575731	-4.60617595002349	2	1	0.0285714285714286	35	6990	114420	rps9
SM01390	Ribosomal_S4	0.00998994741575731	-4.60617595002349	2	1	0.0285714285714286	35	6990	114420	rps9
SM00385	CYCLIN	0.0103408594110706	-4.57165229816515	31	2	0.0571428571428571	35	6990	30222,553650	ccnd1,fam58a
SM00803	TAF	0.0149484980512376	-4.20314444899252	3	1	0.0285714285714286	35	6990	447818	taf6
SM00258	SAND	0.0198829194864049	-3.91789423308295	4	1	0.0285714285714286	35	6990	563776	deaf1
SM00544	MA3	0.0296798301538222	-3.51728758327944	6	1	0.0285714285714286	35	6990	321061	pdcd4b
SM00357	CSP	0.0296798301538222	-3.51728758327944	6	1	0.0285714285714286	35	6990	436963	csdc2a
SM00219	TyrKc	0.0359642827215204	-3.32522897965371	60	2	0.0571428571428571	35	6990	58129,562195	fgfr3,epha7
SM00338	BRLZ	0.0370683833448041	-3.29499087364709	61	2	0.0571428571428571	35	6990	407086,140815	junba,cebpa
SM00239	C2	0.0381855396255319	-3.26529837886965	62	2	0.0571428571428571	35	6990	563633,335357	smurf2,syt4
SM00399	ZnF_C4	0.0393156013804091	-3.23613385719351	63	2	0.0571428571428571	35	6990	402815,554722	nr1d2a,rorab
SM00036	CNH	0.0393815850050555	-3.23445695759546	8	1	0.0285714285714286	35	6990	567039	cdc42bpb
SM00430	HOLI	0.0416138460836715	-3.17932232854359	65	2	0.0571428571428571	35	6990	554722,402815	rorab,nr1d2a
SM00546	CUE	0.0441970597293372	-3.11909701407186	9	1	0.0285714285714286	35	6990	406442	amfr
SM00913	IBN_N	0.0441970597293372	-3.11909701407186	9	1	0.0285714285714286	35	6990	30707	cse1l
SM00615	EPH_lbd	0.0441970597293372	-3.11909701407186	9	1	0.0285714285714286	35	6990	562195	epha7
SM00524	DWB	0.0537577607376316	-2.92326723658059	11	1	0.0285714285714286	35	6990	445564	smad9
SM00523	DWA	0.0585032082777974	-2.8386736838926	12	1	0.0285714285714286	35	6990	445564	smad9
SM00136	LamNT	0.0585032082777974	-2.8386736838926	12	1	0.0285714285714286	35	6990	30227	ntn1a
SM00211	TY	0.0632255338293235	-2.76104704313517	13	1	0.0285714285714286	35	6990	403039	igfbp5b
SM00060	FN3	0.0671516442117091	-2.70080187065802	85	2	0.0571428571428571	35	6990	562195,369191	epha7,tnr
SM00237	Calx_beta	0.0726012559297179	-2.62277305799361	15	1	0.0285714285714286	35	6990	797199	slc8a1b
SM00451	ZnF_U1	0.0772548697002188	-2.56064532700057	16	1	0.0285714285714286	35	6990	796610	zgc:171482
SM00285	PBD	0.0772548697002188	-2.56064532700057	16	1	0.0285714285714286	35	6990	567039	cdc42bpb
SM01332	Cyclin_C	0.0818857959346276	-2.50242973497578	17	1	0.0285714285714286	35	6990	30222	ccnd1
SM00643	C345C	0.0818857959346276	-2.50242973497578	17	1	0.0285714285714286	35	6990	30227	ntn1a
SM00119	HECTc	0.0818857959346276	-2.50242973497578	17	1	0.0285714285714286	35	6990	563633	smurf2
SM01411	Ephrin_rec_like	0.0864941420040963	-2.44767858983357	18	1	0.0285714285714286	35	6990	562195	epha7
SM00180	EGF_Lam	0.0910800147848174	-2.3960168754588	19	1	0.0285714285714286	35	6990	30227	ntn1a
SM00186	FBG	0.104703854820914	-2.25661934400963	22	1	0.0285714285714286	35	6990	369191	tnr
SM00121	IB	0.118129235976274	-2.13597603369459	25	1	0.0285714285714286	35	6990	403039	igfbp5b
SM00456	WW	0.122560747354189	-2.09914847514464	26	1	0.0285714285714286	35	6990	563633	smurf2
SM00185	ARM	0.122560747354189	-2.09914847514464	26	1	0.0285714285714286	35	6990	571528	armc8
SM00109	C1	0.144395811660809	-1.93519705806312	31	1	0.0285714285714286	35	6990	567039	cdc42bpb
SM00209	TSP1	0.157242505412585	-1.8499660448707	34	1	0.0285714285714286	35	6990	100149189	si:ch73-237c6.1
SM00220	S_TKc	0.161129128537822	-1.82554919485278	278	3	0.0857142857142857	35	6990	445223,567039,541526	nek7,cdc42bpb,camkk1a
SM00454	SAM	0.19466841802071	-1.63645758818076	43	1	0.0285714285714286	35	6990	562195	epha7
SM00133	S_TK_X	0.202763313662879	-1.59571592272756	45	1	0.0285714285714286	35	6990	567039	cdc42bpb
SM00132	LIM	0.318573099435788	-1.14390331873134	76	1	0.0285714285714286	35	6990	368250	prickle2b
SM00028	TPR	0.322022613687804	-1.13313350705955	77	1	0.0285714285714286	35	6990	368924	fkbp5
SM00181	EGF	0.435511318985241	-0.831234492246068	113	1	0.0285714285714286	35	6990	369191	tnr
SM00233	PH	0.477144172984461	-0.739936584318642	128	1	0.0285714285714286	35	6990	567039	cdc42bpb
SM00248	ANK	0.510800424194591	-0.671776324372667	141	1	0.0285714285714286	35	6990	325167	ankrd13c
SM00408	IGc2	0.535248252188287	-0.625024616929564	151	1	0.0285714285714286	35	6990	58129	fgfr3
SM00326	SH3	0.535248252188287	-0.625024616929564	151	1	0.0285714285714286	35	6990	654774	dock4b
SM00184	RING	0.569709059998271	-0.562629469518376	166	1	0.0285714285714286	35	6990	406442	amfr
SM00360	RRM	0.597556557475285	-0.514906342793748	179	1	0.0285714285714286	35	6990	321872	srsf4
SM00320	WD40	0.613814678360906	-0.488062223167631	187	1	0.0285714285714286	35	6990	393596	wdr46
SM00389	HOX	0.735519833048261	-0.30717777390888	260	1	0.0285714285714286	35	6990	436941	zgc:91944
SM00409	IG	0.748965687820691	-0.28906210716754	270	1	0.0285714285714286	35	6990	58129	fgfr3
SM01391	Filament	0.999999999980633	-1.93673800698588e-11	44	0	0	35	6990
SM00232	JAB_MPN	0.999999999982806	-1.71936229145532e-11	10	0	0	35	6990
SM01288	FISNA	0.999999999982806	-1.71936229145532e-11	10	0	0	35	6990
SM00101	14_3_3	0.999999999982806	-1.71936229145532e-11	10	0	0	35	6990
SM00948	Proteasome_A_N	0.999999999982806	-1.71936229145532e-11	10	0	0	35	6990
SM00292	BRCT	0.999999999982806	-1.71936229145532e-11	10	0	0	35	6990
SM00116	CBS	0.999999999982806	-1.71936229145532e-11	10	0	0	35	6990
SM00921	MHC_II_beta	0.999999999982806	-1.71936229145532e-11	10	0	0	35	6990
SM00577	CPDc	0.999999999982806	-1.71936229145532e-11	10	0	0	35	6990
SM01189	ELM2	0.999999999982806	-1.71936229145532e-11	10	0	0	35	6990
SM00130	KR	0.999999999982806	-1.71936229145532e-11	10	0	0	35	6990
SM00148	PLCXc	0.999999999982806	-1.71936229145532e-11	10	0	0	35	6990
SM01361	A2M_recep	0.999999999982806	-1.71936229145532e-11	10	0	0	35	6990
SM00246	WH2	0.999999999982806	-1.71936229145532e-11	10	0	0	35	6990
SM00548	IRO	0.999999999982806	-1.71936229145532e-11	10	0	0	35	6990
SM00290	ZnF_UBP	0.999999999982806	-1.71936229145532e-11	10	0	0	35	6990
SM00666	PB1	0.999999999982806	-1.71936229145532e-11	10	0	0	35	6990
SM00202	SR	0.999999999982806	-1.71936229145532e-11	10	0	0	35	6990
SM00847	HA2	0.999999999982806	-1.71936229145532e-11	10	0	0	35	6990
SM01117	Cyt-b5	0.999999999982806	-1.71936229145532e-11	10	0	0	35	6990
SM00457	MACPF	0.999999999982806	-1.71936229145532e-11	10	0	0	35	6990
SM00645	Pept_C1	0.999999999983085	-1.69151980452727e-11	23	0	0	35	6990
SM01196	FERM_C	0.999999999983758	-1.62416452593806e-11	19	0	0	35	6990
SM00425	TBOX	0.999999999983758	-1.62416452593806e-11	19	0	0	35	6990
SM00558	JmjC	0.999999999983758	-1.62416452593806e-11	19	0	0	35	6990
SM01089	Connexin_CCC	0.999999999986671	-1.33293333409875e-11	31	0	0	35	6990
SM01330	Frizzled	0.999999999987016	-1.29836689631696e-11	13	0	0	35	6990
SM00450	RHOD	0.999999999987016	-1.29836689631696e-11	13	0	0	35	6990
SM00443	G_patch	0.999999999987016	-1.29836689631696e-11	13	0	0	35	6990
SM00208	TNFR	0.999999999987016	-1.29836689631696e-11	13	0	0	35	6990
SM00005	DEATH	0.999999999987016	-1.29836689631696e-11	13	0	0	35	6990
SM00044	CYCc	0.999999999987016	-1.29836689631696e-11	13	0	0	35	6990
SM00563	PlsC	0.999999999987016	-1.29836689631696e-11	13	0	0	35	6990
SM00516	SEC14	0.999999999987016	-1.29836689631696e-11	13	0	0	35	6990
SM00228	PDZ	0.999999999987677	-1.23226176186605e-11	100	0	0	35	6990
SM00630	Sema	0.999999999987866	-1.21341359397406e-11	30	0	0	35	6990
SM00442	FGF	0.999999999987866	-1.21341359397406e-11	30	0	0	35	6990
SM00327	VWA	0.999999999987866	-1.21341359397406e-11	30	0	0	35	6990
SM00037	CNX	0.999999999987866	-1.21341359397406e-11	30	0	0	35	6990
SM00324	RhoGAP	0.999999999987866	-1.21341359397406e-11	30	0	0	35	6990
SM00195	DSPc	0.999999999987866	-1.21341359397406e-11	30	0	0	35	6990
SM00369	LRR_TYP	0.999999999987909	-1.20908921296599e-11	95	0	0	35	6990
SM00432	MADS	0.999999999988911	-1.10892335114701e-11	7	0	0	35	6990
SM00809	Alpha_adaptinC2	0.999999999988911	-1.10892335114701e-11	7	0	0	35	6990
SM00907	GDNF	0.999999999988911	-1.10892335114701e-11	7	0	0	35	6990
SM00591	RWD	0.999999999988911	-1.10892335114701e-11	7	0	0	35	6990
SM00479	EXOIII	0.999999999988911	-1.10892335114701e-11	7	0	0	35	6990
SM00316	S1	0.999999999988911	-1.10892335114701e-11	7	0	0	35	6990
SM00727	STI1	0.999999999988911	-1.10892335114701e-11	7	0	0	35	6990
SM00149	PLCYc	0.999999999988911	-1.10892335114701e-11	7	0	0	35	6990
SM00949	PAZ	0.999999999988911	-1.10892335114701e-11	7	0	0	35	6990
SM00201	SO	0.999999999988911	-1.10892335114701e-11	7	0	0	35	6990
SM00330	PIPKc	0.999999999988911	-1.10892335114701e-11	7	0	0	35	6990
SM01195	FA	0.999999999988911	-1.10892335114701e-11	7	0	0	35	6990
SM00004	NL	0.999999999988911	-1.10892335114701e-11	7	0	0	35	6990
SM00070	GLUCA	0.999999999988911	-1.10892335114701e-11	7	0	0	35	6990
SM00458	RICIN	0.999999999988911	-1.10892335114701e-11	7	0	0	35	6990
SM00729	Elp3	0.999999999988911	-1.10892335114701e-11	7	0	0	35	6990
SM01100	CRAL_TRIO_N	0.999999999988911	-1.10892335114701e-11	7	0	0	35	6990
SM01242	Integrin_B_tail	0.999999999988911	-1.10892335114701e-11	7	0	0	35	6990
SM00678	WWE	0.999999999988911	-1.10892335114701e-11	7	0	0	35	6990
SM00506	A1pp	0.999999999988911	-1.10892335114701e-11	7	0	0	35	6990
SM00636	Glyco_18	0.999999999988911	-1.10892335114701e-11	7	0	0	35	6990
SM00920	MHC_II_alpha	0.999999999988911	-1.10892335114701e-11	7	0	0	35	6990
SM00215	VWC_out	0.999999999988911	-1.10892335114701e-11	7	0	0	35	6990
SM00515	eIF5C	0.999999999988911	-1.10892335114701e-11	7	0	0	35	6990
SM00509	TFS2N	0.999999999988911	-1.10892335114701e-11	7	0	0	35	6990
SM00099	btg1	0.999999999988911	-1.10892335114701e-11	7	0	0	35	6990
SM00135	LY	0.999999999988911	-1.10892335114701e-11	7	0	0	35	6990
SM00018	PD	0.999999999988911	-1.10892335114701e-11	7	0	0	35	6990
SM00199	SCY	0.999999999989393	-1.06066531251223e-11	27	0	0	35	6990
SM00042	CUB	0.999999999989393	-1.06066531251223e-11	27	0	0	35	6990
SM00325	RhoGEF	0.999999999989393	-1.06066531251223e-11	27	0	0	35	6990
SM00468	PreSET	0.999999999989882	-1.0118487050128e-11	8	0	0	35	6990
SM00187	INB	0.999999999989882	-1.0118487050128e-11	8	0	0	35	6990
SM00892	Endonuclease_NS	0.999999999989882	-1.0118487050128e-11	8	0	0	35	6990
SM00477	NUC	0.999999999989882	-1.0118487050128e-11	8	0	0	35	6990
SM00849	Lactamase_B	0.999999999989882	-1.0118487050128e-11	8	0	0	35	6990
SM00259	ZnF_A20	0.999999999989882	-1.0118487050128e-11	8	0	0	35	6990
SM00726	UIM	0.999999999989882	-1.0118487050128e-11	8	0	0	35	6990
SM00229	RasGEFN	0.999999999989882	-1.0118487050128e-11	8	0	0	35	6990
SM00027	EH	0.999999999989882	-1.0118487050128e-11	8	0	0	35	6990
SM00668	CTLH	0.999999999989882	-1.0118487050128e-11	8	0	0	35	6990
SM00414	H2A	0.999999999989882	-1.0118487050128e-11	8	0	0	35	6990
SM00350	MCM	0.999999999989882	-1.0118487050128e-11	8	0	0	35	6990
SM00308	LH2	0.999999999989882	-1.0118487050128e-11	8	0	0	35	6990
SM01372	E2F_TDP	0.999999999989882	-1.0118487050128e-11	8	0	0	35	6990
SM01243	IRF-3	0.999999999989882	-1.0118487050128e-11	8	0	0	35	6990
SM00146	PI3Kc	0.999999999989882	-1.0118487050128e-11	8	0	0	35	6990
SM00051	DSL	0.999999999989882	-1.0118487050128e-11	8	0	0	35	6990
SM00745	MIT	0.999999999989882	-1.0118487050128e-11	8	0	0	35	6990
SM00593	RUN	0.999999999989882	-1.0118487050128e-11	8	0	0	35	6990
SM01388	Mob1_phocein	0.999999999989882	-1.0118487050128e-11	8	0	0	35	6990
SM00182	CULLIN	0.999999999989882	-1.0118487050128e-11	8	0	0	35	6990
SM00964	STAT_int	0.999999999989882	-1.0118487050128e-11	8	0	0	35	6990
SM01289	PYRIN	0.999999999989882	-1.0118487050128e-11	8	0	0	35	6990
SM00386	HAT	0.999999999989882	-1.0118487050128e-11	8	0	0	35	6990
SM00589	PRY	0.999999999989928	-1.00720888088645e-11	46	0	0	35	6990
SM00110	C1Q	0.999999999989951	-1.00490819420052e-11	28	0	0	35	6990
SM00282	LamG	0.999999999989951	-1.00490819420052e-11	28	0	0	35	6990
SM00407	IGc1	0.999999999990132	-9.8678021599254e-12	36	0	0	35	6990
SM00256	FBOX	0.999999999990132	-9.8678021599254e-12	36	0	0	35	6990
SM00034	CLECT	0.999999999990219	-9.78065408177493e-12	62	0	0	35	6990
SM00315	RGS	0.99999999999025	-9.74960149546457e-12	29	0	0	35	6990
SM00252	SH2	0.999999999990473	-9.52747158030104e-12	75	0	0	35	6990
SM00582	RPR	0.999999999990758	-9.24170677715014e-12	5	0	0	35	6990
SM00046	DAGKc	0.999999999990758	-9.24170677715014e-12	5	0	0	35	6990
SM00878	Biotin_carb_C	0.999999999990758	-9.24170677715014e-12	5	0	0	35	6990
SM00301	DM	0.999999999990758	-9.24170677715014e-12	5	0	0	35	6990
SM00665	B561	0.999999999990758	-9.24170677715014e-12	5	0	0	35	6990
SM00306	HintN	0.999999999990758	-9.24170677715014e-12	5	0	0	35	6990
SM00390	GoLoco	0.999999999990758	-9.24170677715014e-12	5	0	0	35	6990
SM00238	BIR	0.999999999990758	-9.24170677715014e-12	5	0	0	35	6990
SM00288	VHS	0.999999999990758	-9.24170677715014e-12	5	0	0	35	6990
SM00879	Brix	0.999999999990758	-9.24170677715014e-12	5	0	0	35	6990
SM00714	LITAF	0.999999999990758	-9.24170677715014e-12	5	0	0	35	6990
SM00739	KOW	0.999999999990758	-9.24170677715014e-12	5	0	0	35	6990
SM01192	Enolase_C	0.999999999990758	-9.24170677715014e-12	5	0	0	35	6990
SM00735	ZM	0.999999999990758	-9.24170677715014e-12	5	0	0	35	6990
SM00145	PI3Ka	0.999999999990758	-9.24170677715014e-12	5	0	0	35	6990
SM00303	GPS	0.999999999990758	-9.24170677715014e-12	5	0	0	35	6990
SM00310	PTBI	0.999999999990758	-9.24170677715014e-12	5	0	0	35	6990
SM00706	TECPR	0.999999999990758	-9.24170677715014e-12	5	0	0	35	6990
SM00968	SMC_hinge	0.999999999990758	-9.24170677715014e-12	5	0	0	35	6990
SM00673	CARP	0.999999999990758	-9.24170677715014e-12	5	0	0	35	6990
SM00861	Transket_pyr	0.999999999990758	-9.24170677715014e-12	5	0	0	35	6990
SM00050	DISIN	0.999999999990758	-9.24170677715014e-12	5	0	0	35	6990
SM00160	RanBD	0.999999999990758	-9.24170677715014e-12	5	0	0	35	6990
SM00715	LA	0.999999999990758	-9.24170677715014e-12	5	0	0	35	6990
SM01265	Mab-21	0.999999999990758	-9.24170677715014e-12	5	0	0	35	6990
SM00446	LRRcap	0.999999999990758	-9.24170677715014e-12	5	0	0	35	6990
SM01193	Enolase_N	0.999999999990758	-9.24170677715014e-12	5	0	0	35	6990
SM01062	Ca_chan_IQ	0.999999999990758	-9.24170677715014e-12	5	0	0	35	6990
SM00648	SWAP	0.999999999990758	-9.24170677715014e-12	5	0	0	35	6990
SM00305	HintC	0.999999999990758	-9.24170677715014e-12	5	0	0	35	6990
SM00757	CRA	0.999999999990758	-9.24170677715014e-12	5	0	0	35	6990
SM00638	LPD_N	0.999999999990758	-9.24170677715014e-12	5	0	0	35	6990
SM00517	PolyA	0.999999999990758	-9.24170677715014e-12	5	0	0	35	6990
SM00257	LysM	0.999999999990758	-9.24170677715014e-12	5	0	0	35	6990
SM00472	MIR	0.999999999990758	-9.24170677715014e-12	5	0	0	35	6990
SM01270	Longin	0.999999999990758	-9.24170677715014e-12	5	0	0	35	6990
SM00384	AT_hook	0.999999999990758	-9.24170677715014e-12	5	0	0	35	6990
SM01375	Dynein_light	0.999999999990758	-9.24170677715014e-12	5	0	0	35	6990
SM00204	TGFB	0.999999999992043	-7.95694420277899e-12	35	0	0	35	6990
SM00312	PX	0.999999999992043	-7.95694420277899e-12	35	0	0	35	6990
SM00072	GuKc	0.999999999992568	-7.43227436645038e-12	25	0	0	35	6990
SM00214	VWC	0.999999999992568	-7.43227436645038e-12	25	0	0	35	6990
SM00165	UBA	0.999999999992568	-7.43227436645038e-12	25	0	0	35	6990
SM00692	DM3	0.999999999992717	-7.28259442637916e-12	15	0	0	35	6990
SM00069	GLA	0.999999999992717	-7.28259442637916e-12	15	0	0	35	6990
SM00147	RasGEF	0.999999999992717	-7.28259442637916e-12	15	0	0	35	6990
SM00358	DSRM	0.999999999992717	-7.28259442637916e-12	15	0	0	35	6990
SM00724	TLC	0.999999999992717	-7.28259442637916e-12	15	0	0	35	6990
SM00088	PINT	0.999999999992717	-7.28259442637916e-12	15	0	0	35	6990
SM00547	ZnF_RBZ	0.999999999992717	-7.28259442637916e-12	15	0	0	35	6990
SM00137	MAM	0.999999999992717	-7.28259442637916e-12	15	0	0	35	6990
SM00367	LRR_CC	0.999999999992717	-7.28259442637916e-12	15	0	0	35	6990
SM00255	TIR	0.999999999992717	-7.28259442637916e-12	15	0	0	35	6990
SM00049	DEP	0.999999999992717	-7.28259442637916e-12	15	0	0	35	6990
SM00086	PAC	0.999999999992758	-7.24223768161247e-12	20	0	0	35	6990
SM00831	Cation_ATPase_N	0.999999999992758	-7.24223768161247e-12	20	0	0	35	6990
SM00063	FRI	0.999999999992758	-7.24223768161247e-12	20	0	0	35	6990
SM00865	Tubulin_C	0.999999999992758	-7.24223768161247e-12	20	0	0	35	6990
SM00275	G_alpha	0.999999999992758	-7.24223768161247e-12	20	0	0	35	6990
SM00332	PP2Cc	0.999999999992758	-7.24223768161247e-12	20	0	0	35	6990
SM00462	PTB	0.999999999992758	-7.24223768161247e-12	20	0	0	35	6990
SM00268	ACTIN	0.999999999992758	-7.24223768161247e-12	20	0	0	35	6990
SM00242	MYSc	0.999999999992758	-7.24223768161247e-12	20	0	0	35	6990
SM00298	CHROMO	0.999999999992758	-7.24223768161247e-12	20	0	0	35	6990
SM00033	CH	0.999999999993182	-6.81811829400503e-12	39	0	0	35	6990
SM00717	SANT	0.999999999993449	-6.55106286617472e-12	32	0	0	35	6990
SM00356	ZnF_C3H1	0.999999999993449	-6.55106286617472e-12	32	0	0	35	6990
SM00013	LRRNT	0.999999999993449	-6.55106286617472e-12	32	0	0	35	6990
SM00612	Kelch	0.999999999993554	-6.44644349421e-12	33	0	0	35	6990
SM00295	B41	0.999999999993554	-6.44644349421e-12	33	0	0	35	6990
SM00322	KH	0.999999999993554	-6.44644349421e-12	33	0	0	35	6990
SM00848	Inhibitor_I29	0.999999999993969	-6.03112513309744e-12	22	0	0	35	6990
SM00397	t_SNARE	0.999999999993969	-6.03112513309744e-12	22	0	0	35	6990
SM00413	ETS	0.999999999993969	-6.03112513309744e-12	22	0	0	35	6990
SM00361	RRM_1	0.999999999993969	-6.03112513309744e-12	22	0	0	35	6990
SM00022	PLAc	0.999999999994223	-5.77729229405523e-12	3	0	0	35	6990
SM00863	tRNA_SAD	0.999999999994223	-5.77729229405523e-12	3	0	0	35	6990
SM00085	PA2c	0.999999999994223	-5.77729229405523e-12	3	0	0	35	6990
SM01261	Thymopoietin	0.999999999994223	-5.77729229405523e-12	3	0	0	35	6990
SM00537	DCX	0.999999999994223	-5.77729229405523e-12	3	0	0	35	6990
SM00561	MBT	0.999999999994223	-5.77729229405523e-12	3	0	0	35	6990
SM00664	DoH	0.999999999994223	-5.77729229405523e-12	3	0	0	35	6990
SM00704	ZnF_CDGSH	0.999999999994223	-5.77729229405523e-12	3	0	0	35	6990
SM00031	DED	0.999999999994223	-5.77729229405523e-12	3	0	0	35	6990
SM00652	eIF1a	0.999999999994223	-5.77729229405523e-12	3	0	0	35	6990
SM00644	Ami_2	0.999999999994223	-5.77729229405523e-12	3	0	0	35	6990
SM00733	Mterf	0.999999999994223	-5.77729229405523e-12	3	0	0	35	6990
SM00140	NGF	0.999999999994223	-5.77729229405523e-12	3	0	0	35	6990
SM00089	PKD	0.999999999994223	-5.77729229405523e-12	3	0	0	35	6990
SM00836	DALR_1	0.999999999994223	-5.77729229405523e-12	3	0	0	35	6990
SM00919	Malic_M	0.999999999994223	-5.77729229405523e-12	3	0	0	35	6990
SM01246	Josephin	0.999999999994223	-5.77729229405523e-12	3	0	0	35	6990
SM00812	Alpha_L_fucos	0.999999999994223	-5.77729229405523e-12	3	0	0	35	6990
SM01337	APC10	0.999999999994223	-5.77729229405523e-12	3	0	0	35	6990
SM01403	Ribosomal_S10	0.999999999994223	-5.77729229405523e-12	3	0	0	35	6990
SM00216	VWD	0.999999999994223	-5.77729229405523e-12	3	0	0	35	6990
SM01127	DDHD	0.999999999994223	-5.77729229405523e-12	3	0	0	35	6990
SM00891	ERCC4	0.999999999994223	-5.77729229405523e-12	3	0	0	35	6990
SM01052	CAP_GLY	0.999999999994223	-5.77729229405523e-12	3	0	0	35	6990
SM00094	TR_FER	0.999999999994223	-5.77729229405523e-12	3	0	0	35	6990
SM01025	BEN	0.999999999994223	-5.77729229405523e-12	3	0	0	35	6990
SM00852	MoCF_biosynth	0.999999999994223	-5.77729229405523e-12	3	0	0	35	6990
SM01138	DP	0.999999999994223	-5.77729229405523e-12	3	0	0	35	6990
SM00464	LON	0.999999999994223	-5.77729229405523e-12	3	0	0	35	6990
SM00676	DM10	0.999999999994223	-5.77729229405523e-12	3	0	0	35	6990
SM00741	SapB	0.999999999994223	-5.77729229405523e-12	3	0	0	35	6990
SM00323	RasGAP	0.999999999994223	-5.77729229405523e-12	3	0	0	35	6990
SM00193	PTN	0.999999999994223	-5.77729229405523e-12	3	0	0	35	6990
SM00672	CAP10	0.999999999994223	-5.77729229405523e-12	3	0	0	35	6990
SM00484	XPGI	0.999999999994223	-5.77729229405523e-12	3	0	0	35	6990
SM00250	PLEC	0.999999999994223	-5.77729229405523e-12	3	0	0	35	6990
SM00534	MUTSac	0.999999999994223	-5.77729229405523e-12	3	0	0	35	6990
SM00393	R3H	0.999999999994223	-5.77729229405523e-12	3	0	0	35	6990
SM00485	XPGN	0.999999999994223	-5.77729229405523e-12	3	0	0	35	6990
SM00650	rADc	0.999999999994223	-5.77729229405523e-12	3	0	0	35	6990
SM00751	BSD	0.999999999994223	-5.77729229405523e-12	3	0	0	35	6990
SM00396	ZnF_UBR1	0.999999999994223	-5.77729229405523e-12	3	0	0	35	6990
SM00811	Alpha_kinase	0.999999999994223	-5.77729229405523e-12	3	0	0	35	6990
SM01274	malic	0.999999999994223	-5.77729229405523e-12	3	0	0	35	6990
SM00632	Aamy_C	0.999999999994223	-5.77729229405523e-12	3	0	0	35	6990
SM00734	ZnF_Rad18	0.999999999994223	-5.77729229405523e-12	3	0	0	35	6990
SM00415	HSF	0.999999999994223	-5.77729229405523e-12	3	0	0	35	6990
SM00006	A4_EXTRA	0.999999999994223	-5.77729229405523e-12	3	0	0	35	6990
SM00775	LNS2	0.999999999994223	-5.77729229405523e-12	3	0	0	35	6990
SM00139	MyTH4	0.999999999994223	-5.77729229405523e-12	3	0	0	35	6990
SM00313	PXA	0.999999999994223	-5.77729229405523e-12	3	0	0	35	6990
SM00279	HhH2	0.999999999994223	-5.77729229405523e-12	3	0	0	35	6990
SM00603	LCCL	0.999999999994223	-5.77729229405523e-12	3	0	0	35	6990
SM00737	ML	0.999999999994223	-5.77729229405523e-12	3	0	0	35	6990
SM01263	Leuk-A4-hydro_C	0.999999999994223	-5.77729229405523e-12	3	0	0	35	6990
SM01137	DMAP_binding	0.999999999994223	-5.77729229405523e-12	3	0	0	35	6990
SM01010	AMPKBI	0.999999999994223	-5.77729229405523e-12	3	0	0	35	6990
SM00218	ZU5	0.999999999994223	-5.77729229405523e-12	3	0	0	35	6990
SM00512	Skp1	0.999999999994223	-5.77729229405523e-12	3	0	0	35	6990
SM00607	FTP	0.999999999994223	-5.77729229405523e-12	3	0	0	35	6990
SM01212	Fib_alpha	0.999999999994223	-5.77729229405523e-12	3	0	0	35	6990
SM00227	NEBU	0.999999999994223	-5.77729229405523e-12	3	0	0	35	6990
SM00311	PWI	0.999999999994223	-5.77729229405523e-12	3	0	0	35	6990
SM00104	ANATO	0.999999999994223	-5.77729229405523e-12	3	0	0	35	6990
SM00092	RNAse_Pc	0.999999999994223	-5.77729229405523e-12	3	0	0	35	6990
SM01132	DIL	0.999999999994223	-5.77729229405523e-12	3	0	0	35	6990
SM00107	BTK	0.999999999994223	-5.77729229405523e-12	3	0	0	35	6990
SM01401	Sds3	0.999999999994223	-5.77729229405523e-12	3	0	0	35	6990
SM01115	cwf21	0.999999999994223	-5.77729229405523e-12	3	0	0	35	6990
SM01225	G8	0.999999999994223	-5.77729229405523e-12	3	0	0	35	6990
SM00498	FH2	0.999999999994223	-5.77729229405523e-12	3	0	0	35	6990
SM00888	EF1_GNE	0.999999999994223	-5.77729229405523e-12	3	0	0	35	6990
SM00095	TR_THY	0.999999999994223	-5.77729229405523e-12	3	0	0	35	6990
SM00609	VIT	0.999999999994223	-5.77729229405523e-12	3	0	0	35	6990
SM00788	Adenylsucc_synt	0.999999999994223	-5.77729229405523e-12	3	0	0	35	6990
SM01194	eRF1_1	0.999999999994223	-5.77729229405523e-12	3	0	0	35	6990
SM00026	EPEND	0.999999999994223	-5.77729229405523e-12	3	0	0	35	6990
SM00594	UAS	0.999999999994223	-5.77729229405523e-12	3	0	0	35	6990
SM01415	DUF106	0.999999999994223	-5.77729229405523e-12	3	0	0	35	6990
SM00931	NOSIC	0.999999999994223	-5.77729229405523e-12	3	0	0	35	6990
SM00144	PI3K_rbd	0.999999999994223	-5.77729229405523e-12	3	0	0	35	6990
SM01407	NAC	0.999999999994223	-5.77729229405523e-12	3	0	0	35	6990
SM00712	PUR	0.999999999994223	-5.77729229405523e-12	3	0	0	35	6990
SM01020	B2-adapt-app_C	0.999999999994223	-5.77729229405523e-12	3	0	0	35	6990
SM01218	FoP_duplication	0.999999999994223	-5.77729229405523e-12	3	0	0	35	6990
SM00090	RIO	0.999999999994223	-5.77729229405523e-12	3	0	0	35	6990
SM00473	PAN_AP	0.999999999994223	-5.77729229405523e-12	3	0	0	35	6990
SM01202	FerI	0.999999999994223	-5.77729229405523e-12	3	0	0	35	6990
SM00916	L51_S25_CI-B8	0.999999999994223	-5.77729229405523e-12	3	0	0	35	6990
SM00533	MUTSd	0.999999999994223	-5.77729229405523e-12	3	0	0	35	6990
SM00701	PGRP	0.999999999994223	-5.77729229405523e-12	3	0	0	35	6990
SM01326	PTEN_C2	0.999999999994223	-5.77729229405523e-12	3	0	0	35	6990
SM00510	TFS2M	0.999999999994223	-5.77729229405523e-12	3	0	0	35	6990
SM00576	BTP	0.999999999994223	-5.77729229405523e-12	3	0	0	35	6990
SM01179	DUF862	0.999999999994223	-5.77729229405523e-12	3	0	0	35	6990
SM00152	THY	0.999999999994223	-5.77729229405523e-12	3	0	0	35	6990
SM00773	WGR	0.999999999994223	-5.77729229405523e-12	3	0	0	35	6990
SM01201	FerB	0.999999999994223	-5.77729229405523e-12	3	0	0	35	6990
SM00291	ZnF_ZZ	0.999999999994438	-5.561860442646e-12	12	0	0	35	6990
SM00008	HormR	0.999999999994438	-5.561860442646e-12	12	0	0	35	6990
SM00744	RINGv	0.999999999994438	-5.561860442646e-12	12	0	0	35	6990
SM00461	WH1	0.999999999994438	-5.561860442646e-12	12	0	0	35	6990
SM00908	Gal-bind_lectin	0.999999999994438	-5.561860442646e-12	12	0	0	35	6990
SM00043	CY	0.999999999994438	-5.561860442646e-12	12	0	0	35	6990
SM00855	PGAM	0.999999999994438	-5.561860442646e-12	12	0	0	35	6990
SM00120	HX	0.999999999994438	-5.561860442646e-12	12	0	0	35	6990
SM00276	GLECT	0.999999999994438	-5.561860442646e-12	12	0	0	35	6990
SM01394	S_100	0.999999999994438	-5.561860442646e-12	12	0	0	35	6990
SM00504	Ubox	0.999999999994438	-5.561860442646e-12	12	0	0	35	6990
SM00231	FA58C	0.999999999994438	-5.561860442646e-12	12	0	0	35	6990
SM00038	COLFI	0.999999999994438	-5.561860442646e-12	12	0	0	35	6990
SM00053	DYNc	0.999999999994438	-5.561860442646e-12	12	0	0	35	6990
SM00102	ADF	0.999999999994438	-5.561860442646e-12	12	0	0	35	6990
SM00647	IBR	0.999999999994438	-5.561860442646e-12	12	0	0	35	6990
SM00348	IRF	0.999999999994438	-5.561860442646e-12	12	0	0	35	6990
SM00513	SAP	0.999999999994438	-5.561860442646e-12	12	0	0	35	6990
SM00702	P4Hc	0.999999999994438	-5.561860442646e-12	12	0	0	35	6990
SM00449	SPRY	0.999999999994816	-5.18403218909e-12	57	0	0	35	6990
SM00336	BBOX	0.999999999994816	-5.18403218909e-12	57	0	0	35	6990
SM00262	GEL	0.999999999995009	-4.99067318793037e-12	11	0	0	35	6990
SM00207	TNF	0.999999999995009	-4.99067318793037e-12	11	0	0	35	6990
SM00351	PAX	0.999999999995009	-4.99067318793037e-12	11	0	0	35	6990
SM00159	PTX	0.999999999995009	-4.99067318793037e-12	11	0	0	35	6990
SM00284	OLF	0.999999999995009	-4.99067318793037e-12	11	0	0	35	6990
SM00302	GED	0.999999999995009	-4.99067318793037e-12	11	0	0	35	6990
SM00078	IlGF	0.999999999995009	-4.99067318793037e-12	11	0	0	35	6990
SM00401	ZnF_GATA	0.999999999995009	-4.99067318793037e-12	11	0	0	35	6990
SM00631	Zn_pept	0.999999999995009	-4.99067318793037e-12	11	0	0	35	6990
SM00082	LRRCT	0.999999999995139	-4.86140505484564e-12	43	0	0	35	6990
SM01114	CXC	0.999999999995265	-4.73541769182563e-12	6	0	0	35	6990
SM01329	Iso_dh	0.999999999995265	-4.73541769182563e-12	6	0	0	35	6990
SM01015	Arfaptin	0.999999999995265	-4.73541769182563e-12	6	0	0	35	6990
SM00440	ZnF_C2C2	0.999999999995265	-4.73541769182563e-12	6	0	0	35	6990
SM01166	DUF1899	0.999999999995265	-4.73541769182563e-12	6	0	0	35	6990
SM00614	ZnF_BED	0.999999999995265	-4.73541769182563e-12	6	0	0	35	6990
SM00800	uDENN	0.999999999995265	-4.73541769182563e-12	6	0	0	35	6990
SM00799	DENN	0.999999999995265	-4.73541769182563e-12	6	0	0	35	6990
SM00141	PDGF	0.999999999995265	-4.73541769182563e-12	6	0	0	35	6990
SM00889	EFG_IV	0.999999999995265	-4.73541769182563e-12	6	0	0	35	6990
SM00584	TLDc	0.999999999995265	-4.73541769182563e-12	6	0	0	35	6990
SM00455	RBD	0.999999999995265	-4.73541769182563e-12	6	0	0	35	6990
SM00153	VHP	0.999999999995265	-4.73541769182563e-12	6	0	0	35	6990
SM00838	EFG_C	0.999999999995265	-4.73541769182563e-12	6	0	0	35	6990
SM00002	PLP	0.999999999995265	-4.73541769182563e-12	6	0	0	35	6990
SM00059	FN2	0.999999999995265	-4.73541769182563e-12	6	0	0	35	6990
SM00568	GRAM	0.999999999995265	-4.73541769182563e-12	6	0	0	35	6990
SM00428	H3	0.999999999995265	-4.73541769182563e-12	6	0	0	35	6990
SM00166	UBX	0.999999999995265	-4.73541769182563e-12	6	0	0	35	6990
SM00021	DAX	0.999999999995265	-4.73541769182563e-12	6	0	0	35	6990
SM00543	MIF4G	0.999999999995265	-4.73541769182563e-12	6	0	0	35	6990
SM00540	LEM	0.999999999995265	-4.73541769182563e-12	6	0	0	35	6990
SM00730	PSN	0.999999999995265	-4.73541769182563e-12	6	0	0	35	6990
SM00427	H2B	0.999999999995265	-4.73541769182563e-12	6	0	0	35	6990
SM01039	BRICHOS	0.999999999995265	-4.73541769182563e-12	6	0	0	35	6990
SM00642	Aamy	0.999999999995265	-4.73541769182563e-12	6	0	0	35	6990
SM00273	ENTH	0.999999999995265	-4.73541769182563e-12	6	0	0	35	6990
SM00801	dDENN	0.999999999995265	-4.73541769182563e-12	6	0	0	35	6990
SM00460	TGc	0.999999999995265	-4.73541769182563e-12	6	0	0	35	6990
SM00545	JmjN	0.999999999995265	-4.73541769182563e-12	6	0	0	35	6990
SM01046	c-SKI_SMAD_bind	0.999999999995265	-4.73541769182563e-12	6	0	0	35	6990
SM00394	RIIa	0.999999999995265	-4.73541769182563e-12	6	0	0	35	6990
SM01408	ING	0.999999999995265	-4.73541769182563e-12	6	0	0	35	6990
SM00950	Piwi	0.999999999995265	-4.73541769182563e-12	6	0	0	35	6990
SM00128	IPPc	0.999999999995265	-4.73541769182563e-12	6	0	0	35	6990
SM01241	Integrin_b_cyt	0.999999999995265	-4.73541769182563e-12	6	0	0	35	6990
SM00884	Cullin_Nedd8	0.999999999995265	-4.73541769182563e-12	6	0	0	35	6990
SM00191	Int_alpha	0.999999999995265	-4.73541769182563e-12	6	0	0	35	6990
SM00091	PAS	0.999999999995334	-4.6656476889986e-12	26	0	0	35	6990
SM00093	SERPIN	0.999999999995334	-4.6656476889986e-12	26	0	0	35	6990
SM00317	SET	0.999999999995334	-4.6656476889986e-12	26	0	0	35	6990
SM00039	CRF	0.999999999996045	-3.955231660176e-12	2	0	0	35	6990
SM00486	POLBc	0.999999999996045	-3.955231660176e-12	2	0	0	35	6990
SM00309	PAH	0.999999999996045	-3.955231660176e-12	2	0	0	35	6990
SM01369	Rb_C	0.999999999996045	-3.955231660176e-12	2	0	0	35	6990
SM00881	CoA_binding	0.999999999996045	-3.955231660176e-12	2	0	0	35	6990
SM00550	Zalpha	0.999999999996045	-3.955231660176e-12	2	0	0	35	6990
SM01340	DNA_mis_repair	0.999999999996045	-3.955231660176e-12	2	0	0	35	6990
SM00662	RPOLD	0.999999999996045	-3.955231660176e-12	2	0	0	35	6990
SM00993	YL1_C	0.999999999996045	-3.955231660176e-12	2	0	0	35	6990
SM00426	TEA	0.999999999996045	-3.955231660176e-12	2	0	0	35	6990
SM00653	eIF2B_5	0.999999999996045	-3.955231660176e-12	2	0	0	35	6990
SM01092	CO_deh_flav_C	0.999999999996045	-3.955231660176e-12	2	0	0	35	6990
SM00670	PINc	0.999999999996045	-3.955231660176e-12	2	0	0	35	6990
SM01336	zf-PARP	0.999999999996045	-3.955231660176e-12	2	0	0	35	6990
SM00695	DUSP	0.999999999996045	-3.955231660176e-12	2	0	0	35	6990
SM01260	LANC_like	0.999999999996045	-3.955231660176e-12	2	0	0	35	6990
SM01022	ASCH	0.999999999996045	-3.955231660176e-12	2	0	0	35	6990
SM00581	PSP	0.999999999996045	-3.955231660176e-12	2	0	0	35	6990
SM00851	MGS	0.999999999996045	-3.955231660176e-12	2	0	0	35	6990
SM00521	CBF	0.999999999996045	-3.955231660176e-12	2	0	0	35	6990
SM01399	Sybindin	0.999999999996045	-3.955231660176e-12	2	0	0	35	6990
SM01002	AlaDh_PNT_C	0.999999999996045	-3.955231660176e-12	2	0	0	35	6990
SM00206	NTR	0.999999999996045	-3.955231660176e-12	2	0	0	35	6990
SM01186	eIF3_N	0.999999999996045	-3.955231660176e-12	2	0	0	35	6990
SM01237	ICA69	0.999999999996045	-3.955231660176e-12	2	0	0	35	6990
SM00535	RIBOc	0.999999999996045	-3.955231660176e-12	2	0	0	35	6990
SM00025	Pumilio	0.999999999996045	-3.955231660176e-12	2	0	0	35	6990
SM00542	FYRC	0.999999999996045	-3.955231660176e-12	2	0	0	35	6990
SM00329	BPI2	0.999999999996045	-3.955231660176e-12	2	0	0	35	6990
SM01363	ACTH_domain	0.999999999996045	-3.955231660176e-12	2	0	0	35	6990
SM00035	CLa	0.999999999996045	-3.955231660176e-12	2	0	0	35	6990
SM01371	TFIIA	0.999999999996045	-3.955231660176e-12	2	0	0	35	6990
SM01376	eIF-5a	0.999999999996045	-3.955231660176e-12	2	0	0	35	6990
SM00602	VPS10	0.999999999996045	-3.955231660176e-12	2	0	0	35	6990
SM01398	Cornichon	0.999999999996045	-3.955231660176e-12	2	0	0	35	6990
SM00952	RAP	0.999999999996045	-3.955231660176e-12	2	0	0	35	6990
SM01267	LAG1_DNAbind	0.999999999996045	-3.955231660176e-12	2	0	0	35	6990
SM01283	Costars	0.999999999996045	-3.955231660176e-12	2	0	0	35	6990
SM00882	CoA_trans	0.999999999996045	-3.955231660176e-12	2	0	0	35	6990
SM01070	CDC37_M	0.999999999996045	-3.955231660176e-12	2	0	0	35	6990
SM01003	AlaDh_PNT_N	0.999999999996045	-3.955231660176e-12	2	0	0	35	6990
SM00761	HDAC_interact	0.999999999996045	-3.955231660176e-12	2	0	0	35	6990
SM00076	IFabd	0.999999999996045	-3.955231660176e-12	2	0	0	35	6990
SM01083	Cir_N	0.999999999996045	-3.955231660176e-12	2	0	0	35	6990
SM00328	BPI1	0.999999999996045	-3.955231660176e-12	2	0	0	35	6990
SM00723	AMOP	0.999999999996045	-3.955231660176e-12	2	0	0	35	6990
SM01343	FATC	0.999999999996045	-3.955231660176e-12	2	0	0	35	6990
SM00693	DysFN	0.999999999996045	-3.955231660176e-12	2	0	0	35	6990
SM01074	Cdc6_C	0.999999999996045	-3.955231660176e-12	2	0	0	35	6990
SM01362	DUF663	0.999999999996045	-3.955231660176e-12	2	0	0	35	6990
SM00435	TOPEUc	0.999999999996045	-3.955231660176e-12	2	0	0	35	6990
SM00785	AARP2CN	0.999999999996045	-3.955231660176e-12	2	0	0	35	6990
SM00536	AXH	0.999999999996045	-3.955231660176e-12	2	0	0	35	6990
SM00661	RPOL9	0.999999999996045	-3.955231660176e-12	2	0	0	35	6990
SM00272	END	0.999999999996045	-3.955231660176e-12	2	0	0	35	6990
SM00694	DysFC	0.999999999996045	-3.955231660176e-12	2	0	0	35	6990
SM00978	Tim44	0.999999999996045	-3.955231660176e-12	2	0	0	35	6990
SM00960	Robl_LC7	0.999999999996045	-3.955231660176e-12	2	0	0	35	6990
SM00265	BH4	0.999999999996045	-3.955231660176e-12	2	0	0	35	6990
SM00500	SFM	0.999999999996045	-3.955231660176e-12	2	0	0	35	6990
SM01200	FerA	0.999999999996045	-3.955231660176e-12	2	0	0	35	6990
SM00839	ELFV_dehydrog	0.999999999996045	-3.955231660176e-12	2	0	0	35	6990
SM01233	HABP4_PAI-RBP1	0.999999999996045	-3.955231660176e-12	2	0	0	35	6990
SM00003	NH	0.999999999996045	-3.955231660176e-12	2	0	0	35	6990
SM00058	FN1	0.999999999996045	-3.955231660176e-12	2	0	0	35	6990
SM00592	BRK	0.999999999996045	-3.955231660176e-12	2	0	0	35	6990
SM01008	Ald_Xan_dh_C	0.999999999996045	-3.955231660176e-12	2	0	0	35	6990
SM01229	GluR_Homer-bdg	0.999999999996045	-3.955231660176e-12	2	0	0	35	6990
SM01142	DSHCT	0.999999999996045	-3.955231660176e-12	2	0	0	35	6990
SM01365	Op_neuropeptide	0.999999999996045	-3.955231660176e-12	2	0	0	35	6990
SM00559	Ku78	0.999999999996045	-3.955231660176e-12	2	0	0	35	6990
SM01161	DUF1767	0.999999999996045	-3.955231660176e-12	2	0	0	35	6990
SM01164	DUF1856	0.999999999996045	-3.955231660176e-12	2	0	0	35	6990
SM00792	Agouti	0.999999999996045	-3.955231660176e-12	2	0	0	35	6990
SM00057	FIMAC	0.999999999996045	-3.955231660176e-12	2	0	0	35	6990
SM01011	AMP_N	0.999999999996045	-3.955231660176e-12	2	0	0	35	6990
SM00872	Alpha-mann_mid	0.999999999996045	-3.955231660176e-12	2	0	0	35	6990
SM00580	PUG	0.999999999996045	-3.955231660176e-12	2	0	0	35	6990
SM01374	Ribosomal_L14	0.999999999996045	-3.955231660176e-12	2	0	0	35	6990
SM01368	RB_A	0.999999999996045	-3.955231660176e-12	2	0	0	35	6990
SM00151	SWIB	0.999999999996045	-3.955231660176e-12	2	0	0	35	6990
SM00444	GYF	0.999999999996045	-3.955231660176e-12	2	0	0	35	6990
SM00973	Sec63	0.999999999996045	-3.955231660176e-12	2	0	0	35	6990
SM00995	AD	0.999999999996045	-3.955231660176e-12	2	0	0	35	6990
SM01367	DUF3452	0.999999999996045	-3.955231660176e-12	2	0	0	35	6990
SM00755	Grip	0.999999999996045	-3.955231660176e-12	2	0	0	35	6990
SM00573	HSA	0.999999999996045	-3.955231660176e-12	2	0	0	35	6990
SM00736	CADG	0.999999999996045	-3.955231660176e-12	2	0	0	35	6990
SM01051	CAMSAP_CKK	0.999999999996045	-3.955231660176e-12	2	0	0	35	6990
SM00832	C8	0.999999999996045	-3.955231660176e-12	2	0	0	35	6990
SM01084	CKS	0.999999999996045	-3.955231660176e-12	2	0	0	35	6990
SM01268	BTD	0.999999999996045	-3.955231660176e-12	2	0	0	35	6990
SM00143	PI3K_p85B	0.999999999996045	-3.955231660176e-12	2	0	0	35	6990
SM00722	CASH	0.999999999996045	-3.955231660176e-12	2	0	0	35	6990
SM00278	HhH1	0.999999999996045	-3.955231660176e-12	2	0	0	35	6990
SM01299	PIP49_N	0.999999999996045	-3.955231660176e-12	2	0	0	35	6990
SM01287	Rtt106	0.999999999996045	-3.955231660176e-12	2	0	0	35	6990
SM00541	FYRN	0.999999999996045	-3.955231660176e-12	2	0	0	35	6990
SM01178	DUF4217	0.999999999996045	-3.955231660176e-12	2	0	0	35	6990
SM01176	DUF4208	0.999999999996045	-3.955231660176e-12	2	0	0	35	6990
SM00858	SAF	0.999999999996045	-3.955231660176e-12	2	0	0	35	6990
SM01028	Beta-TrCP_D	0.999999999996045	-3.955231660176e-12	2	0	0	35	6990
SM00896	FDX-ACB	0.999999999996045	-3.955231660176e-12	2	0	0	35	6990
SM01069	CDC37_C	0.999999999996045	-3.955231660176e-12	2	0	0	35	6990
SM01314	SnAC	0.999999999996045	-3.955231660176e-12	2	0	0	35	6990
SM00299	CLH	0.999999999996045	-3.955231660176e-12	2	0	0	35	6990
SM00711	TDU	0.999999999996045	-3.955231660176e-12	2	0	0	35	6990
SM00827	PKS_AT	0.999999999996045	-3.955231660176e-12	2	0	0	35	6990
SM01249	KASH	0.999999999996045	-3.955231660176e-12	2	0	0	35	6990
SM00846	Gp_dh_N	0.999999999996045	-3.955231660176e-12	2	0	0	35	6990
SM00873	B3_4	0.999999999996045	-3.955231660176e-12	2	0	0	35	6990
SM00893	ETF	0.999999999996045	-3.955231660176e-12	2	0	0	35	6990
SM01140	Drf_GBD	0.999999999996045	-3.955231660176e-12	2	0	0	35	6990
SM00188	IL10	0.999999999996045	-3.955231660176e-12	2	0	0	35	6990
SM00649	RL11	0.999999999996045	-3.955231660176e-12	2	0	0	35	6990
SM00902	Fe_hyd_SSU	0.999999999996045	-3.955231660176e-12	2	0	0	35	6990
SM01387	Ribosomal_S15	0.999999999996045	-3.955231660176e-12	2	0	0	35	6990
SM01272	LsmAD	0.999999999996045	-3.955231660176e-12	2	0	0	35	6990
SM00474	35EXOc	0.999999999996045	-3.955231660176e-12	2	0	0	35	6990
SM00560	LamGL	0.999999999996045	-3.955231660176e-12	2	0	0	35	6990
SM01269	Lipid_DES	0.999999999996045	-3.955231660176e-12	2	0	0	35	6990
SM00555	GIT	0.999999999996045	-3.955231660176e-12	2	0	0	35	6990
SM01141	DRY_EERY	0.999999999996045	-3.955231660176e-12	2	0	0	35	6990
SM01000	Aha1_N	0.999999999996045	-3.955231660176e-12	2	0	0	35	6990
SM00321	WSC	0.999999999996045	-3.955231660176e-12	2	0	0	35	6990
SM00981	THUMP	0.999999999996045	-3.955231660176e-12	2	0	0	35	6990
SM00030	CLb	0.999999999996045	-3.955231660176e-12	2	0	0	35	6990
SM00469	WIF	0.999999999996045	-3.955231660176e-12	2	0	0	35	6990
SM01175	DUF4206	0.999999999996045	-3.955231660176e-12	2	0	0	35	6990
SM00898	Fapy_DNA_glyco	0.999999999996045	-3.955231660176e-12	2	0	0	35	6990
SM00549	TAFH	0.999999999996045	-3.955231660176e-12	2	0	0	35	6990
SM00951	QLQ	0.999999999996045	-3.955231660176e-12	2	0	0	35	6990
SM00392	PROF	0.999999999996045	-3.955231660176e-12	2	0	0	35	6990
SM01410	DIM1	0.999999999996045	-3.955231660176e-12	2	0	0	35	6990
SM01130	DHDPS	0.999999999996045	-3.955231660176e-12	2	0	0	35	6990
SM01053	CaMBD	0.999999999996045	-3.955231660176e-12	2	0	0	35	6990
SM00932	Nfu_N	0.999999999996045	-3.955231660176e-12	2	0	0	35	6990
SM00179	EGF_CA	0.999999999996143	-3.85741848331728e-12	77	0	0	35	6990
SM00398	HMG	0.99999999999618	-3.82045016009907e-12	49	0	0	35	6990
SM00249	PHD	0.99999999999618	-3.82045016009907e-12	49	0	0	35	6990
SM00225	BTB	0.999999999996625	-3.37514096147709e-12	113	0	0	35	6990
SM00490	HELICc	0.999999999997204	-2.7958726314928e-12	61	0	0	35	6990
SM00406	IGv	0.999999999997204	-2.7958726314928e-12	61	0	0	35	6990
SM00244	PHB	0.999999999998039	-1.96059700544518e-12	16	0	0	35	6990
SM00240	FHA	0.999999999998039	-1.96059700544518e-12	16	0	0	35	6990
SM00055	FCH	0.999999999998039	-1.96059700544518e-12	16	0	0	35	6990
SM00352	POU	0.999999999998039	-1.96059700544518e-12	16	0	0	35	6990
SM00156	PP2Ac	0.999999999998039	-1.96059700544518e-12	16	0	0	35	6990
SM00294	4.1m	0.999999999998039	-1.96059700544518e-12	16	0	0	35	6990
SM00100	cNMP	0.999999999998039	-1.96059700544518e-12	16	0	0	35	6990
SM00343	ZnF_C2HC	0.999999999998039	-1.96059700544518e-12	16	0	0	35	6990
SM00150	SPEC	0.999999999998039	-1.96059700544518e-12	16	0	0	35	6990
SM00721	BAR	0.999999999998039	-1.96059700544518e-12	16	0	0	35	6990
SM00651	Sm	0.999999999998039	-1.96059700544518e-12	16	0	0	35	6990
SM00064	FYVE	0.999999999998039	-1.96059700544518e-12	16	0	0	35	6990
SM00164	TBC	0.999999999998039	-1.96059700544518e-12	16	0	0	35	6990
SM00511	ORANGE	0.999999999998039	-1.96059700544518e-12	16	0	0	35	6990
SM00429	IPT	0.999999999998039	-1.96059700544518e-12	16	0	0	35	6990
SM00097	WNT1	0.999999999998166	-1.83361055352237e-12	21	0	0	35	6990
SM00280	KAZAL	0.999999999998166	-1.83361055352237e-12	21	0	0	35	6990
SM00235	ZnMc	0.999999999998166	-1.83361055352237e-12	21	0	0	35	6990
SM00864	Tubulin	0.999999999998166	-1.83361055352237e-12	21	0	0	35	6990
SM00194	PTPc	0.999999999998166	-1.83361055352237e-12	21	0	0	35	6990
SM00297	BROMO	0.999999999998166	-1.83361055352237e-12	21	0	0	35	6990
SM00032	CCP	0.999999999998166	-1.83361055352237e-12	21	0	0	35	6990
SM00129	KISc	0.999999999998166	-1.83361055352237e-12	21	0	0	35	6990
SM00112	CA	0.99999999999838	-1.61982962509811e-12	82	0	0	35	6990
SM00271	DnaJ	0.99999999999878	-1.22012678325533e-12	45	0	0	35	6990
SM00875	BACK	0.99999999999895	-1.05014738001771e-12	40	0	0	35	6990
SM00020	Tryp_SPc	0.999999999999144	-8.56044742395032e-13	64	0	0	35	6990
SM00487	DEXDc	0.999999999999144	-8.56044742395032e-13	64	0	0	35	6990
SM00054	EFh	0.999999999999325	-6.75467274651842e-13	130	0	0	35	6990
SM00241	ZP	0.999999999999389	-6.10998731755926e-13	24	0	0	35	6990
SM00192	LDLa	0.999999999999389	-6.10998731755926e-13	24	0	0	35	6990
SM00503	SynN	1.00000000000053	5.34210133248146e-13	9	0	0	35	6990
SM00274	FOLN	1.00000000000053	5.34210133248146e-13	9	0	0	35	6990
SM01359	A2M_N_2	1.00000000000053	5.34210133248146e-13	9	0	0	35	6990
SM00154	ZnF_AN1	1.00000000000053	5.34210133248146e-13	9	0	0	35	6990
SM00562	NDK	1.00000000000053	5.34210133248146e-13	9	0	0	35	6990
SM00502	BBC	1.00000000000053	5.34210133248146e-13	9	0	0	35	6990
SM01198	FBA	1.00000000000053	5.34210133248146e-13	9	0	0	35	6990
SM00234	START	1.00000000000053	5.34210133248146e-13	9	0	0	35	6990
SM00698	MORN	1.00000000000053	5.34210133248146e-13	9	0	0	35	6990
SM00391	MBD	1.00000000000053	5.34210133248146e-13	9	0	0	35	6990
SM00445	LINK	1.00000000000053	5.34210133248146e-13	9	0	0	35	6990
SM00471	HDc	1.00000000000053	5.34210133248146e-13	9	0	0	35	6990
SM00061	MATH	1.00000000000053	5.34210133248146e-13	9	0	0	35	6990
SM01190	EMP24_GP25L	1.00000000000053	5.34210133248146e-13	9	0	0	35	6990
SM00526	H15	1.00000000000053	5.34210133248146e-13	9	0	0	35	6990
SM00251	SAM_PNT	1.00000000000053	5.34210133248146e-13	9	0	0	35	6990
SM00387	HATPase_c	1.00000000000053	5.34210133248146e-13	9	0	0	35	6990
SM00467	GS	1.00000000000053	5.34210133248146e-13	9	0	0	35	6990
SM00501	BRIGHT	1.00000000000053	5.34210133248146e-13	9	0	0	35	6990
SM01360	A2M	1.00000000000053	5.34210133248146e-13	9	0	0	35	6990
SM00969	SOCS_box	1.00000000000071	7.0595559131234e-13	38	0	0	35	6990
SM00404	PTPc_motif	1.00000000000079	7.85769211925014e-13	47	0	0	35	6990
SM00359	PUA	1.0000000000009	9.02540309525102e-13	4	0	0	35	6990
SM00520	BASIC	1.0000000000009	9.02540309525102e-13	4	0	0	35	6990
SM01109	CUT	1.0000000000009	9.02540309525102e-13	4	0	0	35	6990
SM00476	DNaseIc	1.0000000000009	9.02540309525102e-13	4	0	0	35	6990
SM00746	TRASH	1.0000000000009	9.02540309525102e-13	4	0	0	35	6990
SM01328	zf-3CxxC	1.0000000000009	9.02540309525102e-13	4	0	0	35	6990
SM01339	NODP	1.0000000000009	9.02540309525102e-13	4	0	0	35	6990
SM00068	GHB	1.0000000000009	9.02540309525102e-13	4	0	0	35	6990
SM00065	GAF	1.0000000000009	9.02540309525102e-13	4	0	0	35	6990
SM01279	Matrilin_ccoil	1.0000000000009	9.02540309525102e-13	4	0	0	35	6990
SM00087	PTH	1.0000000000009	9.02540309525102e-13	4	0	0	35	6990
SM01073	CDC48_N	1.0000000000009	9.02540309525102e-13	4	0	0	35	6990
SM00183	NAT_PEP	1.0000000000009	9.02540309525102e-13	4	0	0	35	6990
SM01007	Aldolase_II	1.0000000000009	9.02540309525102e-13	4	0	0	35	6990
SM00710	PbH1	1.0000000000009	9.02540309525102e-13	4	0	0	35	6990
SM01163	DUF1785	1.0000000000009	9.02540309525102e-13	4	0	0	35	6990
SM00707	RPEL	1.0000000000009	9.02540309525102e-13	4	0	0	35	6990
SM00491	HELICc2	1.0000000000009	9.02540309525102e-13	4	0	0	35	6990
SM00554	FAS1	1.0000000000009	9.02540309525102e-13	4	0	0	35	6990
SM00142	PI3K_C2	1.0000000000009	9.02540309525102e-13	4	0	0	35	6990
SM00991	WHEP-TRS	1.0000000000009	9.02540309525102e-13	4	0	0	35	6990
SM00417	H4	1.0000000000009	9.02540309525102e-13	4	0	0	35	6990
SM01334	DUF3454	1.0000000000009	9.02540309525102e-13	4	0	0	35	6990
SM00997	AdoHcyase_NAD	1.0000000000009	9.02540309525102e-13	4	0	0	35	6990
SM00483	POLXc	1.0000000000009	9.02540309525102e-13	4	0	0	35	6990
SM00552	ADEAMc	1.0000000000009	9.02540309525102e-13	4	0	0	35	6990
SM01277	MAGUK_N_PEST	1.0000000000009	9.02540309525102e-13	4	0	0	35	6990
SM01169	DUF1943	1.0000000000009	9.02540309525102e-13	4	0	0	35	6990
SM00557	IG_FLMN	1.0000000000009	9.02540309525102e-13	4	0	0	35	6990
SM00608	ACR	1.0000000000009	9.02540309525102e-13	4	0	0	35	6990
SM00167	VPS9	1.0000000000009	9.02540309525102e-13	4	0	0	35	6990
SM00281	LamB	1.0000000000009	9.02540309525102e-13	4	0	0	35	6990
SM00114	CARD	1.0000000000009	9.02540309525102e-13	4	0	0	35	6990
SM00098	alkPPc	1.0000000000009	9.02540309525102e-13	4	0	0	35	6990
SM01072	CDC48_2	1.0000000000009	9.02540309525102e-13	4	0	0	35	6990
SM00765	MANEC	1.0000000000009	9.02540309525102e-13	4	0	0	35	6990
SM01153	DUF1693	1.0000000000009	9.02540309525102e-13	4	0	0	35	6990
SM00488	DEXDc2	1.0000000000009	9.02540309525102e-13	4	0	0	35	6990
SM00222	Sec7	1.0000000000009	9.02540309525102e-13	4	0	0	35	6990
SM00508	PostSET	1.0000000000009	9.02540309525102e-13	4	0	0	35	6990
SM01041	BRO1	1.0000000000009	9.02540309525102e-13	4	0	0	35	6990
SM00996	AdoHcyase	1.0000000000009	9.02540309525102e-13	4	0	0	35	6990
SM00679	CTNS	1.0000000000009	9.02540309525102e-13	4	0	0	35	6990
SM01055	Cadherin_pro	1.0000000000009	9.02540309525102e-13	4	0	0	35	6990
SM01170	DUF1944	1.0000000000009	9.02540309525102e-13	4	0	0	35	6990
SM00277	GRAN	1.0000000000009	9.02540309525102e-13	4	0	0	35	6990
SM00742	Hr1	1.0000000000009	9.02540309525102e-13	4	0	0	35	6990
SM00331	PP2C_SIG	1.0000000000009	9.02540309525102e-13	4	0	0	35	6990
SM00217	WAP	1.0000000000009	9.02540309525102e-13	4	0	0	35	6990
SM00266	CAD	1.0000000000009	9.02540309525102e-13	4	0	0	35	6990
SM00588	NEUZ	1.0000000000009	9.02540309525102e-13	4	0	0	35	6990
SM00572	DZF	1.0000000000009	9.02540309525102e-13	4	0	0	35	6990
SM00527	HMG17	1.0000000000009	9.02540309525102e-13	4	0	0	35	6990
SM00264	BAG	1.0000000000009	9.02540309525102e-13	4	0	0	35	6990
SM01338	NOD	1.0000000000009	9.02540309525102e-13	4	0	0	35	6990
SM00671	SEL1	1.0000000000009	9.02540309525102e-13	4	0	0	35	6990
SM01271	LSM14	1.0000000000009	9.02540309525102e-13	4	0	0	35	6990
SM00750	KIND	1.0000000000009	9.02540309525102e-13	4	0	0	35	6990
SM01199	FDF	1.0000000000009	9.02540309525102e-13	4	0	0	35	6990
SM00439	BAH	1.0000000000009	9.02540309525102e-13	4	0	0	35	6990
SM01230	Gln-synt_C	1.0000000000009	9.02540309525102e-13	4	0	0	35	6990
SM00494	ChtBD2	1.0000000000009	9.02540309525102e-13	4	0	0	35	6990
SM01182	EF-1_beta_acid	1.0000000000009	9.02540309525102e-13	4	0	0	35	6990
SM01027	Beta-Casp	1.0000000000009	9.02540309525102e-13	4	0	0	35	6990
SM00307	ILWEQ	1.0000000000009	9.02540309525102e-13	4	0	0	35	6990
SM00300	ChSh	1.0000000000009	9.02540309525102e-13	4	0	0	35	6990
SM00198	SCP	1.0000000000009	9.02540309525102e-13	4	0	0	35	6990
SM01313	Sec3-PIP2_bind	1.0000000000009	9.02540309525102e-13	4	0	0	35	6990
SM00353	HLH	1.00000000000141	1.40510315300364e-12	119	0	0	35	6990
SM00247	XTALbg	1.0000000000017	1.70005632450124e-12	55	0	0	35	6990
SM00224	GGL	1.00000000000249	2.48663930795175e-12	18	0	0	35	6990
SM00980	THAP	1.00000000000249	2.48663930795175e-12	18	0	0	35	6990
SM00105	ArfGap	1.00000000000249	2.48663930795175e-12	18	0	0	35	6990
SM00335	ANX	1.00000000000249	2.48663930795175e-12	18	0	0	35	6990
SM00667	LisH	1.00000000000249	2.48663930795175e-12	18	0	0	35	6990
SM00918	Lig_chan-Glu_bd	1.00000000000268	2.67733131534458e-12	14	0	0	35	6990
SM00569	L27	1.00000000000268	2.67733131534458e-12	14	0	0	35	6990
SM00014	acidPPc	1.00000000000268	2.67733131534458e-12	14	0	0	35	6990
SM01017	Arrestin_C	1.00000000000268	2.67733131534458e-12	14	0	0	35	6990
SM00079	PBPe	1.00000000000268	2.67733131534458e-12	14	0	0	35	6990
SM00829	PKS_ER	1.00000000000268	2.67733131534458e-12	14	0	0	35	6990
SM00131	KU	1.00000000000268	2.67733131534458e-12	14	0	0	35	6990
SM01057	Carb_anhydrase	1.00000000000268	2.67733131534458e-12	14	0	0	35	6990
SM00293	PWWP	1.00000000000268	2.67733131534458e-12	14	0	0	35	6990
SM00423	PSI	1.00000000000373	3.72898060881461e-12	34	0	0	35	6990
SM01254	KLRAQ	1.00000000000383	3.82571144902366e-12	1	0	0	35	6990
SM01085	CK_II_beta	1.00000000000383	3.82571144902366e-12	1	0	0	35	6990
SM00466	SRA	1.00000000000383	3.82571144902366e-12	1	0	0	35	6990
SM00756	VKc	1.00000000000383	3.82571144902366e-12	1	0	0	35	6990
SM00155	PLDc	1.00000000000383	3.82571144902366e-12	1	0	0	35	6990
SM00833	CobW_C	1.00000000000383	3.82571144902366e-12	1	0	0	35	6990
SM01404	CIMR	1.00000000000383	3.82571144902366e-12	1	0	0	35	6990
SM01071	CDC37_N	1.00000000000383	3.82571144902366e-12	1	0	0	35	6990
SM01291	N-SET	1.00000000000383	3.82571144902366e-12	1	0	0	35	6990
SM00967	SpoU_sub_bind	1.00000000000383	3.82571144902366e-12	1	0	0	35	6990
SM00732	YqgFc	1.00000000000383	3.82571144902366e-12	1	0	0	35	6990
SM01395	Tbf5	1.00000000000383	3.82571144902366e-12	1	0	0	35	6990
SM00808	FABD	1.00000000000383	3.82571144902366e-12	1	0	0	35	6990
SM00682	G2F	1.00000000000383	3.82571144902366e-12	1	0	0	35	6990
SM01144	DTW	1.00000000000383	3.82571144902366e-12	1	0	0	35	6990
SM00860	SMI1_KNR4	1.00000000000383	3.82571144902366e-12	1	0	0	35	6990
SM01135	DIRP	1.00000000000383	3.82571144902366e-12	1	0	0	35	6990
SM00705	THEG	1.00000000000383	3.82571144902366e-12	1	0	0	35	6990
SM01204	FIST_C	1.00000000000383	3.82571144902366e-12	1	0	0	35	6990
SM00731	SprT	1.00000000000383	3.82571144902366e-12	1	0	0	35	6990
SM01131	DHHA2	1.00000000000383	3.82571144902366e-12	1	0	0	35	6990
SM01181	E2_bind	1.00000000000383	3.82571144902366e-12	1	0	0	35	6990
SM00805	AGTRAP	1.00000000000383	3.82571144902366e-12	1	0	0	35	6990
SM01097	CPSase_sm_chain	1.00000000000383	3.82571144902366e-12	1	0	0	35	6990
SM01174	DUF4205	1.00000000000383	3.82571144902366e-12	1	0	0	35	6990
SM00263	LYZ1	1.00000000000383	3.82571144902366e-12	1	0	0	35	6990
SM01364	NPP	1.00000000000383	3.82571144902366e-12	1	0	0	35	6990
SM01253	Kin17_mid	1.00000000000383	3.82571144902366e-12	1	0	0	35	6990
SM00657	RPOL4c	1.00000000000383	3.82571144902366e-12	1	0	0	35	6990
SM01296	N2227	1.00000000000383	3.82571144902366e-12	1	0	0	35	6990
SM01280	Mcm10	1.00000000000383	3.82571144902366e-12	1	0	0	35	6990
SM00663	RPOLA_N	1.00000000000383	3.82571144902366e-12	1	0	0	35	6990
SM01262	LAMTOR	1.00000000000383	3.82571144902366e-12	1	0	0	35	6990
SM00683	DM16	1.00000000000383	3.82571144902366e-12	1	0	0	35	6990
SM01396	BC10	1.00000000000383	3.82571144902366e-12	1	0	0	35	6990
SM01335	PADR1	1.00000000000383	3.82571144902366e-12	1	0	0	35	6990
SM01098	CPSF73-100_C	1.00000000000383	3.82571144902366e-12	1	0	0	35	6990
SM00254	ShKT	1.00000000000383	3.82571144902366e-12	1	0	0	35	6990
SM00946	ProRS-C_1	1.00000000000383	3.82571144902366e-12	1	0	0	35	6990
SM00441	FF	1.00000000000383	3.82571144902366e-12	1	0	0	35	6990
SM00929	NADH-G_4Fe-4S_3	1.00000000000383	3.82571144902366e-12	1	0	0	35	6990
SM01018	B12-binding_2	1.00000000000383	3.82571144902366e-12	1	0	0	35	6990
SM00975	Telomerase_RBD	1.00000000000383	3.82571144902366e-12	1	0	0	35	6990
SM00944	Pro-kuma_activ	1.00000000000383	3.82571144902366e-12	1	0	0	35	6990
SM00738	NGN	1.00000000000383	3.82571144902366e-12	1	0	0	35	6990
SM01162	DUF1771	1.00000000000383	3.82571144902366e-12	1	0	0	35	6990
SM01239	IKKbetaNEMObind	1.00000000000383	3.82571144902366e-12	1	0	0	35	6990
SM00570	AWS	1.00000000000383	3.82571144902366e-12	1	0	0	35	6990
SM00826	PKS_DH	1.00000000000383	3.82571144902366e-12	1	0	0	35	6990
SM00113	CALCITONIN	1.00000000000383	3.82571144902366e-12	1	0	0	35	6990
SM00992	YccV-like	1.00000000000383	3.82571144902366e-12	1	0	0	35	6990
SM01380	Ribosomal_L31e	1.00000000000383	3.82571144902366e-12	1	0	0	35	6990
SM00945	ProQ	1.00000000000383	3.82571144902366e-12	1	0	0	35	6990
SM01096	CPSase_L_D3	1.00000000000383	3.82571144902366e-12	1	0	0	35	6990
SM00870	Asparaginase	1.00000000000383	3.82571144902366e-12	1	0	0	35	6990
SM00915	Jacalin	1.00000000000383	3.82571144902366e-12	1	0	0	35	6990
SM00531	TFIIE	1.00000000000383	3.82571144902366e-12	1	0	0	35	6990
SM01389	Spt4	1.00000000000383	3.82571144902366e-12	1	0	0	35	6990
SM01384	Ribosomal_L15e	1.00000000000383	3.82571144902366e-12	1	0	0	35	6990
SM00709	Zpr1	1.00000000000383	3.82571144902366e-12	1	0	0	35	6990
SM00956	RQC	1.00000000000383	3.82571144902366e-12	1	0	0	35	6990
SM01406	PAPA-1	1.00000000000383	3.82571144902366e-12	1	0	0	35	6990
SM00780	PIG-X	1.00000000000383	3.82571144902366e-12	1	0	0	35	6990
SM01139	Drf_FH3	1.00000000000383	3.82571144902366e-12	1	0	0	35	6990
SM01397	Ribosomal_S3Ae	1.00000000000383	3.82571144902366e-12	1	0	0	35	6990
SM01210	GARS_C	1.00000000000383	3.82571144902366e-12	1	0	0	35	6990
SM00845	GatB_Yqey	1.00000000000383	3.82571144902366e-12	1	0	0	35	6990
SM01219	Frataxin_Cyay	1.00000000000383	3.82571144902366e-12	1	0	0	35	6990
SM01031	BHD_2	1.00000000000383	3.82571144902366e-12	1	0	0	35	6990
SM00243	GAS2	1.00000000000383	3.82571144902366e-12	1	0	0	35	6990
SM00045	DAGKa	1.00000000000383	3.82571144902366e-12	1	0	0	35	6990
SM01082	CHZ	1.00000000000383	3.82571144902366e-12	1	0	0	35	6990
SM01286	SPT16	1.00000000000383	3.82571144902366e-12	1	0	0	35	6990
SM00595	MADF	1.00000000000383	3.82571144902366e-12	1	0	0	35	6990
SM00983	TPK_B1_binding	1.00000000000383	3.82571144902366e-12	1	0	0	35	6990
SM01120	Dak2	1.00000000000383	3.82571144902366e-12	1	0	0	35	6990
SM01350	6PGD	1.00000000000383	3.82571144902366e-12	1	0	0	35	6990
SM01285	FACT-Spt16_Nlob	1.00000000000383	3.82571144902366e-12	1	0	0	35	6990
SM00825	PKS_KS	1.00000000000383	3.82571144902366e-12	1	0	0	35	6990
SM01232	H2TH	1.00000000000383	3.82571144902366e-12	1	0	0	35	6990
SM01341	Tower	1.00000000000383	3.82571144902366e-12	1	0	0	35	6990
SM01165	DUF1866	1.00000000000383	3.82571144902366e-12	1	0	0	35	6990
SM00463	SMR	1.00000000000383	3.82571144902366e-12	1	0	0	35	6990
SM01016	Arg_tRNA_synt_N	1.00000000000383	3.82571144902366e-12	1	0	0	35	6990
SM00538	POP4	1.00000000000383	3.82571144902366e-12	1	0	0	35	6990
SM00798	AICARFT_IMPCHas	1.00000000000383	3.82571144902366e-12	1	0	0	35	6990
SM01191	ENT	1.00000000000383	3.82571144902366e-12	1	0	0	35	6990
SM01168	DUF1907	1.00000000000383	3.82571144902366e-12	1	0	0	35	6990
SM00564	PQQ	1.00000000000383	3.82571144902366e-12	1	0	0	35	6990
SM00226	LMWPc	1.00000000000383	3.82571144902366e-12	1	0	0	35	6990
SM00433	TOP2c	1.00000000000383	3.82571144902366e-12	1	0	0	35	6990
SM01177	DUF4210	1.00000000000383	3.82571144902366e-12	1	0	0	35	6990
SM01370	TAFII55_N	1.00000000000383	3.82571144902366e-12	1	0	0	35	6990
SM01104	CTD	1.00000000000383	3.82571144902366e-12	1	0	0	35	6990
SM01145	DUF1041	1.00000000000383	3.82571144902366e-12	1	0	0	35	6990
SM00784	SPT2	1.00000000000383	3.82571144902366e-12	1	0	0	35	6990
SM00067	GHA	1.00000000000383	3.82571144902366e-12	1	0	0	35	6990
SM01124	DBR1	1.00000000000383	3.82571144902366e-12	1	0	0	35	6990
SM01278	MAPKK1_Int	1.00000000000383	3.82571144902366e-12	1	0	0	35	6990
SM00341	HRDC	1.00000000000383	3.82571144902366e-12	1	0	0	35	6990
SM00530	HTH_XRE	1.00000000000383	3.82571144902366e-12	1	0	0	35	6990
SM01151	DUF1518	1.00000000000383	3.82571144902366e-12	1	0	0	35	6990
SM00934	OMPdecase	1.00000000000383	3.82571144902366e-12	1	0	0	35	6990
SM01383	Ribosomal_L2	1.00000000000383	3.82571144902366e-12	1	0	0	35	6990
SM00922	MR_MLE	1.00000000000383	3.82571144902366e-12	1	0	0	35	6990
SM00874	B5	1.00000000000383	3.82571144902366e-12	1	0	0	35	6990
SM01065	CBM_2	1.00000000000383	3.82571144902366e-12	1	0	0	35	6990
SM01222	FTCD_N	1.00000000000383	3.82571144902366e-12	1	0	0	35	6990
SM00762	Cog4	1.00000000000383	3.82571144902366e-12	1	0	0	35	6990
SM01128	DDRGK	1.00000000000383	3.82571144902366e-12	1	0	0	35	6990
SM00658	RPOL8c	1.00000000000383	3.82571144902366e-12	1	0	0	35	6990
SM00245	TSPc	1.00000000000383	3.82571144902366e-12	1	0	0	35	6990
SM01001	AIRC	1.00000000000383	3.82571144902366e-12	1	0	0	35	6990
SM01173	DUF4187	1.00000000000383	3.82571144902366e-12	1	0	0	35	6990
SM01133	DeoC	1.00000000000383	3.82571144902366e-12	1	0	0	35	6990
SM01300	PEHE	1.00000000000383	3.82571144902366e-12	1	0	0	35	6990
SM01119	D-ser_dehydrat	1.00000000000383	3.82571144902366e-12	1	0	0	35	6990
SM00478	ENDO3c	1.00000000000383	3.82571144902366e-12	1	0	0	35	6990
SM01035	BOP1NT	1.00000000000383	3.82571144902366e-12	1	0	0	35	6990
SM01125	DCP2	1.00000000000383	3.82571144902366e-12	1	0	0	35	6990
SM00553	SEP	1.00000000000383	3.82571144902366e-12	1	0	0	35	6990
SM01155	DUF1713	1.00000000000383	3.82571144902366e-12	1	0	0	35	6990
SM01013	APC2	1.00000000000383	3.82571144902366e-12	1	0	0	35	6990
SM00062	PBPb	1.00000000000383	3.82571144902366e-12	1	0	0	35	6990
SM00482	POLAc	1.00000000000383	3.82571144902366e-12	1	0	0	35	6990
SM00459	Sorb	1.00000000000383	3.82571144902366e-12	1	0	0	35	6990
SM01123	DBP10CT	1.00000000000383	3.82571144902366e-12	1	0	0	35	6990
SM00613	PAW	1.00000000000383	3.82571144902366e-12	1	0	0	35	6990
SM00200	SEA	1.00000000000383	3.82571144902366e-12	1	0	0	35	6990
SM01382	Ribosomal_L2_C	1.00000000000383	3.82571144902366e-12	1	0	0	35	6990
SM01416	Ribosomal_L19e	1.00000000000383	3.82571144902366e-12	1	0	0	35	6990
SM01385	DSS1_SEM1	1.00000000000383	3.82571144902366e-12	1	0	0	35	6990
SM00077	ITAM	1.00000000000383	3.82571144902366e-12	1	0	0	35	6990
SM01413	Ribosomal_S19e	1.00000000000383	3.82571144902366e-12	1	0	0	35	6990
SM01047	C1_4	1.00000000000383	3.82571144902366e-12	1	0	0	35	6990
SM00434	TOP4c	1.00000000000383	3.82571144902366e-12	1	0	0	35	6990
SM00754	CHRD	1.00000000000383	3.82571144902366e-12	1	0	0	35	6990
SM01122	DBC1	1.00000000000383	3.82571144902366e-12	1	0	0	35	6990
SM00318	SNc	1.00000000000383	3.82571144902366e-12	1	0	0	35	6990
SM01147	DUF1087	1.00000000000383	3.82571144902366e-12	1	0	0	35	6990
SM00111	C4	1.00000000000383	3.82571144902366e-12	1	0	0	35	6990
SM01220	FSA_C	1.00000000000383	3.82571144902366e-12	1	0	0	35	6990
SM01276	M60-like	1.00000000000383	3.82571144902366e-12	1	0	0	35	6990
SM00990	VRR_NUC	1.00000000000383	3.82571144902366e-12	1	0	0	35	6990
SM00985	UBA_e1_C	1.00000000000383	3.82571144902366e-12	1	0	0	35	6990
SM00928	NADH_4Fe-4S	1.00000000000383	3.82571144902366e-12	1	0	0	35	6990
SM00963	SRP54_N	1.00000000000383	3.82571144902366e-12	1	0	0	35	6990
SM00654	eIF6	1.00000000000383	3.82571144902366e-12	1	0	0	35	6990
SM01393	Ribosomal_L32e	1.00000000000383	3.82571144902366e-12	1	0	0	35	6990
SM01180	DWNN	1.00000000000383	3.82571144902366e-12	1	0	0	35	6990
SM01030	BHD_1	1.00000000000383	3.82571144902366e-12	1	0	0	35	6990
SM00984	UDPG_MGDP_dh_C	1.00000000000383	3.82571144902366e-12	1	0	0	35	6990
SM01281	Med12	1.00000000000383	3.82571144902366e-12	1	0	0	35	6990
SM00162	SAPA	1.00000000000383	3.82571144902366e-12	1	0	0	35	6990
SM01373	MAGE	1.00000000000383	3.82571144902366e-12	1	0	0	35	6990
SM01273	Mago-bind	1.00000000000383	3.82571144902366e-12	1	0	0	35	6990
SM01158	DUF1741	1.00000000000383	3.82571144902366e-12	1	0	0	35	6990
SM01146	DUF1086	1.00000000000383	3.82571144902366e-12	1	0	0	35	6990
SM00659	RPOLCX	1.00000000000383	3.82571144902366e-12	1	0	0	35	6990
SM01036	BP28CT	1.00000000000383	3.82571144902366e-12	1	0	0	35	6990
SM01409	RNA_pol_Rpb6	1.00000000000383	3.82571144902366e-12	1	0	0	35	6990
SM00962	SRP54	1.00000000000383	3.82571144902366e-12	1	0	0	35	6990
SM01086	ClpB_D2-small	1.00000000000383	3.82571144902366e-12	1	0	0	35	6990
SM01402	Ribosomal_S27	1.00000000000383	3.82571144902366e-12	1	0	0	35	6990
SM01377	Ribosomal_L40e	1.00000000000383	3.82571144902366e-12	1	0	0	35	6990
SM01183	EF1G	1.00000000000383	3.82571144902366e-12	1	0	0	35	6990
SM01044	Btz	1.00000000000383	3.82571144902366e-12	1	0	0	35	6990
SM01405	Ribosomal_S6e	1.00000000000383	3.82571144902366e-12	1	0	0	35	6990
SM00986	UDG	1.00000000000383	3.82571144902366e-12	1	0	0	35	6990
SM01024	BCS1_N	1.00000000000383	3.82571144902366e-12	1	0	0	35	6990
SM01354	BLVR	1.00000000000383	3.82571144902366e-12	1	0	0	35	6990
SM00976	Telo_bind	1.00000000000383	3.82571144902366e-12	1	0	0	35	6990
SM01032	BHD_3	1.00000000000383	3.82571144902366e-12	1	0	0	35	6990
SM01156	DUF1716	1.00000000000383	3.82571144902366e-12	1	0	0	35	6990
SM00883	Cpn10	1.00000000000383	3.82571144902366e-12	1	0	0	35	6990
SM01023	BAF	1.00000000000383	3.82571144902366e-12	1	0	0	35	6990
SM01136	DKCLD	1.00000000000383	3.82571144902366e-12	1	0	0	35	6990
SM01378	Romo1	1.00000000000383	3.82571144902366e-12	1	0	0	35	6990
SM01346	DUF3385	1.00000000000383	3.82571144902366e-12	1	0	0	35	6990
SM00586	ZnF_DBF	1.00000000000383	3.82571144902366e-12	1	0	0	35	6990
SM00571	DDT	1.00000000000383	3.82571144902366e-12	1	0	0	35	6990
SM01152	DUF167	1.00000000000383	3.82571144902366e-12	1	0	0	35	6990
SM01348	Nbs1_C	1.00000000000383	3.82571144902366e-12	1	0	0	35	6990
SM00197	SAA	1.00000000000383	3.82571144902366e-12	1	0	0	35	6990
SM01319	Tankyrase_bdg_C	1.00000000000383	3.82571144902366e-12	1	0	0	35	6990
SM01264	M16C_associated	1.00000000000383	3.82571144902366e-12	1	0	0	35	6990
SM00998	ADSL_C	1.00000000000383	3.82571144902366e-12	1	0	0	35	6990
SM01060	Catalase	1.00000000000383	3.82571144902366e-12	1	0	0	35	6990
SM00719	Plus3	1.00000000000383	3.82571144902366e-12	1	0	0	35	6990
SM01347	Mre11_DNA_bind	1.00000000000383	3.82571144902366e-12	1	0	0	35	6990
SM01004	ALAD	1.00000000000383	3.82571144902366e-12	1	0	0	35	6990
SM01159	DUF1744	1.00000000000383	3.82571144902366e-12	1	0	0	35	6990
SM01206	Fibrillarin	1.00000000000383	3.82571144902366e-12	1	0	0	35	6990
SM01284	ECSIT_Cterm	1.00000000000383	3.82571144902366e-12	1	0	0	35	6990
SM01386	Ribosomal_S13_N	1.00000000000383	3.82571144902366e-12	1	0	0	35	6990
SM01295	K167R	1.00000000000383	3.82571144902366e-12	1	0	0	35	6990
SM00567	EZ_HEAT	1.00000000000383	3.82571144902366e-12	1	0	0	35	6990
SM00339	FH	1.00000000000492	4.91692948663471e-12	54	0	0	35	6990
SM00382	AAA	1.00000000000557	5.56832625246223e-12	92	0	0	35	6990
SM00041	CT	1.00000000000618	6.18422439093917e-12	17	0	0	35	6990
SM00015	IQ	1.00000000000618	6.18422439093917e-12	17	0	0	35	6990
SM00314	RA	1.00000000000618	6.18422439093917e-12	17	0	0	35	6990
SM00115	CASc	1.00000000000618	6.18422439093917e-12	17	0	0	35	6990
SM00333	TUDOR	1.00000000000618	6.18422439093917e-12	17	0	0	35	6990
SM00720	calpain_III	1.00000000000618	6.18422439093917e-12	17	0	0	35	6990
SM00253	SOCS	1.00000000000618	6.18422439093917e-12	17	0	0	35	6990
SM00261	FU	1.00000000000618	6.18422439093917e-12	17	0	0	35	6990
SM00210	TSPN	1.00000000000618	6.18422439093917e-12	17	0	0	35	6990
SM00230	CysPc	1.00000000000618	6.18422439093917e-12	17	0	0	35	6990
SM00213	UBQ	1.00000000000631	6.31379587803854e-12	37	0	0	35	6990
SM00355	ZnF_C2H2	1.0000000000123	1.23035502644776e-11	345	0	0	35	6990
SM01381	7TM_GPCR_Srsx	1.00000000001238	1.23793017595354e-11	146	0	0	35	6990
